           0   1.189131       1.360874    
           1   66.65372      0.6418344    
           2   109.0974      0.3215489    
           3   123.6532      0.1746460    
           4   128.2484      9.4686449E-02
           5   129.6245      5.1333629E-02
           6   130.0329      2.7999485E-02
           7   130.1552      1.5373047E-02
           8   130.1922      8.4836259E-03
           9   130.2035      4.6979305E-03
          10   130.2070      2.6073346E-03
          11   130.2080      1.4490307E-03
          12   130.2084      8.0598821E-04
