           0  0.9999994    
           1  0.7900210    
           2  0.7633051    
           3  0.7458495    
           4  0.7338639    
           5  0.7253466    
           6  0.7191316    
           7  0.7144944    
           8  0.7109628    
           9  0.7082197    
          10  0.7060490    
          11  0.7043006    
          12  0.7028688    
          13  0.7016776    
          14  0.7006721    
          15  0.6998132    
          16  0.6990703    
          17  0.6984233    
          18  0.6978526    
          19  0.6973463    
          20  0.6968940    
          21  0.6964883    
          22  0.6961219    
          23  0.6957905    
          24  0.6954882    
          25  0.6952131    
          26  0.6949612    
          27  0.6947299    
          28  0.6945174    
          29  0.6943216    
          30  0.6941409    
          31  0.6939735    
          32  0.6938194    
          33  0.6936765    
          34  0.6935436    
          35  0.6934198    
          36  0.6933047    
          37  0.6931968    
          38  0.6930967    
          39  0.6930037    
          40  0.6929167    
          41  0.6928347    
          42  0.6927573    
          43  0.6926855    
          44  0.6926170    
          45  0.6925537    
          46  0.6924937    
          47  0.6924372    
          48  0.6923839    
          49  0.6923336    
          50  0.6922865    
          51  0.6922412    
          52  0.6921982    
          53  0.6921577    
          54  0.6921195    
          55  0.6920833    
          56  0.6920486    
          57  0.6920154    
          58  0.6919839    
          59  0.6919539    
          60  0.6919252    
          61  0.6918975    
          62  0.6918709    
          63  0.6918458    
          64  0.6918219    
          65  0.6917984    
          66  0.6917761    
          67  0.6917546    
          68  0.6917343    
          69  0.6917145    
          70  0.6916949    
          71  0.6916766    
          72  0.6916585    
          73  0.6916416    
          74  0.6916248    
          75  0.6916079    
          76  0.6915925    
          77  0.6915777    
          78  0.6915624    
          79  0.6915482    
          80  0.6915342    
          81  0.6915206    
          82  0.6915074    
          83  0.6914944    
          84  0.6914818    
          85  0.6914694    
          86  0.6914573    
          87  0.6914453    
          88  0.6914340    
          89  0.6914228    
          90  0.6914119    
          91  0.6914014    
          92  0.6913906    
          93  0.6913801    
          94  0.6913704    
          95  0.6913608    
          96  0.6913512    
          97  0.6913419    
          98  0.6913331    
          99  0.6913242    
         100  0.6913152    
         101  0.6913065    
         102  0.6912978    
         103  0.6912894    
         104  0.6912805    
         105  0.6912726    
         106  0.6912646    
         107  0.6912569    
         108  0.6912488    
         109  0.6912410    
         110  0.6912333    
         111  0.6912261    
         112  0.6912189    
         113  0.6912117    
         114  0.6912048    
         115  0.6911980    
         116  0.6911909    
         117  0.6911841    
         118  0.6911770    
         119  0.6911700    
         120  0.6911639    
         121  0.6911576    
         122  0.6911510    
         123  0.6911445    
         124  0.6911381    
         125  0.6911324    
         126  0.6911266    
         127  0.6911212    
         128  0.6911147    
         129  0.6911090    
         130  0.6911029    
         131  0.6910969    
         132  0.6910912    
         133  0.6910855    
         134  0.6910799    
         135  0.6910746    
         136  0.6910693    
         137  0.6910638    
         138  0.6910586    
         139  0.6910532    
         140  0.6910484    
         141  0.6910433    
         142  0.6910380    
         143  0.6910331    
         144  0.6910285    
         145  0.6910231    
         146  0.6910183    
         147  0.6910137    
         148  0.6910089    
         149  0.6910042    
         150  0.6909995    
         151  0.6909949    
         152  0.6909906    
         153  0.6909860    
         154  0.6909817    
         155  0.6909770    
         156  0.6909726    
         157  0.6909682    
         158  0.6909636    
         159  0.6909593    
         160  0.6909549    
         161  0.6909508    
         162  0.6909469    
         163  0.6909428    
         164  0.6909388    
         165  0.6909346    
         166  0.6909306    
         167  0.6909268    
         168  0.6909223    
         169  0.6909186    
         170  0.6909145    
         171  0.6909107    
         172  0.6909071    
         173  0.6909031    
         174  0.6908993    
         175  0.6908953    
         176  0.6908916    
         177  0.6908876    
         178  0.6908841    
         179  0.6908805    
         180  0.6908767    
         181  0.6908730    
         182  0.6908693    
         183  0.6908661    
         184  0.6908621    
         185  0.6908588    
         186  0.6908550    
         187  0.6908517    
         188  0.6908484    
         189  0.6908451    
         190  0.6908418    
         191  0.6908382    
         192  0.6908351    
         193  0.6908317    
         194  0.6908283    
         195  0.6908250    
         196  0.6908220    
         197  0.6908188    
         198  0.6908154    
         199  0.6908117    
         200  0.6908088    
         201  0.6908054    
         202  0.6908026    
         203  0.6907995    
         204  0.6907963    
         205  0.6907930    
         206  0.6907898    
         207  0.6907868    
         208  0.6907832    
         209  0.6907805    
         210  0.6907776    
         211  0.6907745    
         212  0.6907714    
         213  0.6907686    
         214  0.6907655    
         215  0.6907626    
         216  0.6907596    
         217  0.6907568    
         218  0.6907538    
         219  0.6907510    
         220  0.6907486    
         221  0.6907456    
         222  0.6907426    
         223  0.6907396    
         224  0.6907370    
         225  0.6907341    
         226  0.6907309    
         227  0.6907281    
         228  0.6907255    
         229  0.6907225    
         230  0.6907196    
         231  0.6907169    
         232  0.6907143    
         233  0.6907114    
         234  0.6907086    
         235  0.6907061    
         236  0.6907035    
         237  0.6907008    
         238  0.6906983    
         239  0.6906956    
         240  0.6906927    
         241  0.6906899    
         242  0.6906873    
         243  0.6906846    
         244  0.6906821    
         245  0.6906796    
         246  0.6906771    
         247  0.6906747    
         248  0.6906722    
         249  0.6906696    
         250  0.6906671    
         251  0.6906644    
         252  0.6906618    
         253  0.6906594    
         254  0.6906565    
         255  0.6906541    
         256  0.6906517    
         257  0.6906491    
         258  0.6906469    
         259  0.6906440    
         260  0.6906416    
         261  0.6906387    
         262  0.6906360    
         263  0.6906338    
         264  0.6906314    
         265  0.6906291    
         266  0.6906269    
         267  0.6906246    
         268  0.6906224    
         269  0.6906198    
         270  0.6906171    
         271  0.6906147    
         272  0.6906125    
         273  0.6906104    
         274  0.6906076    
         275  0.6906053    
         276  0.6906028    
         277  0.6906007    
         278  0.6905984    
         279  0.6905960    
         280  0.6905937    
         281  0.6905913    
         282  0.6905889    
         283  0.6905866    
         284  0.6905841    
         285  0.6905814    
         286  0.6905795    
         287  0.6905772    
         288  0.6905749    
         289  0.6905724    
         290  0.6905705    
         291  0.6905681    
         292  0.6905661    
         293  0.6905639    
         294  0.6905615    
         295  0.6905592    
         296  0.6905567    
         297  0.6905544    
         298  0.6905522    
         299  0.6905503    
         300  0.6905482    
         301  0.6905457    
         302  0.6905434    
         303  0.6905414    
         304  0.6905391    
         305  0.6905369    
         306  0.6905348    
         307  0.6905324    
         308  0.6905302    
         309  0.6905282    
         310  0.6905257    
         311  0.6905234    
         312  0.6905215    
         313  0.6905195    
         314  0.6905169    
         315  0.6905149    
         316  0.6905128    
         317  0.6905105    
         318  0.6905083    
         319  0.6905064    
         320  0.6905046    
         321  0.6905025    
         322  0.6905004    
         323  0.6904985    
         324  0.6904963    
         325  0.6904942    
         326  0.6904918    
         327  0.6904895    
         328  0.6904877    
         329  0.6904851    
         330  0.6904830    
         331  0.6904809    
         332  0.6904787    
         333  0.6904769    
         334  0.6904747    
         335  0.6904724    
         336  0.6904698    
         337  0.6904677    
         338  0.6904660    
         339  0.6904642    
         340  0.6904624    
         341  0.6904603    
         342  0.6904585    
         343  0.6904563    
         344  0.6904540    
         345  0.6904520    
         346  0.6904501    
         347  0.6904482    
         348  0.6904462    
         349  0.6904440    
         350  0.6904418    
         351  0.6904398    
         352  0.6904376    
         353  0.6904359    
         354  0.6904337    
         355  0.6904315    
         356  0.6904296    
         357  0.6904271    
         358  0.6904253    
         359  0.6904233    
         360  0.6904210    
         361  0.6904190    
         362  0.6904171    
         363  0.6904151    
         364  0.6904133    
         365  0.6904113    
         366  0.6904094    
         367  0.6904076    
         368  0.6904057    
         369  0.6904038    
         370  0.6904018    
         371  0.6903995    
         372  0.6903973    
         373  0.6903951    
         374  0.6903931    
         375  0.6903912    
         376  0.6903895    
         377  0.6903874    
         378  0.6903856    
         379  0.6903837    
         380  0.6903817    
         381  0.6903795    
         382  0.6903777    
         383  0.6903758    
         384  0.6903739    
         385  0.6903718    
         386  0.6903698    
         387  0.6903674    
         388  0.6903657    
         389  0.6903641    
         390  0.6903623    
         391  0.6903602    
         392  0.6903585    
         393  0.6903567    
         394  0.6903545    
         395  0.6903520    
         396  0.6903502    
         397  0.6903480    
         398  0.6903464    
         399  0.6903443    
         400  0.6903425    
         401  0.6903406    
         402  0.6903386    
         403  0.6903365    
         404  0.6903350    
         405  0.6903330    
         406  0.6903309    
         407  0.6903287    
         408  0.6903270    
         409  0.6903250    
         410  0.6903231    
         411  0.6903214    
         412  0.6903195    
         413  0.6903179    
         414  0.6903157    
         415  0.6903138    
         416  0.6903121    
         417  0.6903100    
         418  0.6903078    
         419  0.6903061    
         420  0.6903044    
         421  0.6903026    
         422  0.6903002    
         423  0.6902985    
         424  0.6902965    
         425  0.6902950    
         426  0.6902933    
         427  0.6902911    
         428  0.6902890    
         429  0.6902874    
         430  0.6902854    
         431  0.6902834    
         432  0.6902816    
         433  0.6902794    
         434  0.6902777    
         435  0.6902762    
         436  0.6902741    
         437  0.6902723    
         438  0.6902707    
         439  0.6902682    
         440  0.6902664    
         441  0.6902645    
         442  0.6902625    
         443  0.6902606    
         444  0.6902587    
         445  0.6902569    
         446  0.6902550    
         447  0.6902531    
         448  0.6902511    
         449  0.6902493    
         450  0.6902475    
         451  0.6902460    
         452  0.6902444    
         453  0.6902426    
         454  0.6902405    
         455  0.6902387    
         456  0.6902367    
         457  0.6902345    
         458  0.6902326    
         459  0.6902305    
         460  0.6902288    
         461  0.6902273    
         462  0.6902253    
         463  0.6902237    
         464  0.6902219    
         465  0.6902201    
         466  0.6902185    
         467  0.6902167    
         468  0.6902147    
         469  0.6902130    
         470  0.6902111    
         471  0.6902090    
         472  0.6902069    
         473  0.6902055    
         474  0.6902037    
         475  0.6902019    
         476  0.6902004    
         477  0.6901988    
         478  0.6901967    
         479  0.6901946    
         480  0.6901929    
         481  0.6901906    
         482  0.6901887    
         483  0.6901872    
         484  0.6901857    
         485  0.6901837    
         486  0.6901821    
         487  0.6901802    
         488  0.6901786    
         489  0.6901765    
         490  0.6901748    
         491  0.6901731    
         492  0.6901714    
         493  0.6901695    
         494  0.6901676    
         495  0.6901657    
         496  0.6901639    
         497  0.6901619    
         498  0.6901601    
         499  0.6901582    
         500  0.6901560    
         501  0.6901545    
         502  0.6901528    
         503  0.6901513    
         504  0.6901493    
         505  0.6901475    
         506  0.6901460    
         507  0.6901439    
         508  0.6901422    
         509  0.6901404    
         510  0.6901384    
         511  0.6901366    
         512  0.6901349    
         513  0.6901329    
         514  0.6901312    
         515  0.6901299    
         516  0.6901281    
         517  0.6901262    
         518  0.6901248    
         519  0.6901227    
         520  0.6901207    
         521  0.6901188    
         522  0.6901174    
         523  0.6901155    
         524  0.6901135    
         525  0.6901118    
         526  0.6901103    
         527  0.6901085    
         528  0.6901069    
         529  0.6901051    
         530  0.6901032    
         531  0.6901016    
         532  0.6900996    
         533  0.6900977    
         534  0.6900960    
         535  0.6900943    
         536  0.6900927    
         537  0.6900910    
         538  0.6900892    
         539  0.6900874    
         540  0.6900857    
         541  0.6900839    
         542  0.6900823    
         543  0.6900803    
         544  0.6900783    
         545  0.6900763    
         546  0.6900747    
         547  0.6900728    
         548  0.6900712    
         549  0.6900697    
         550  0.6900680    
         551  0.6900659    
         552  0.6900642    
         553  0.6900626    
         554  0.6900609    
         555  0.6900592    
         556  0.6900572    
         557  0.6900553    
         558  0.6900535    
         559  0.6900516    
         560  0.6900499    
         561  0.6900480    
         562  0.6900464    
         563  0.6900448    
         564  0.6900428    
         565  0.6900416    
         566  0.6900398    
         567  0.6900379    
         568  0.6900364    
         569  0.6900344    
         570  0.6900326    
         571  0.6900309    
         572  0.6900296    
         573  0.6900277    
         574  0.6900262    
         575  0.6900244    
         576  0.6900227    
         577  0.6900210    
         578  0.6900190    
         579  0.6900172    
         580  0.6900157    
         581  0.6900141    
         582  0.6900123    
         583  0.6900104    
         584  0.6900089    
         585  0.6900070    
         586  0.6900050    
         587  0.6900035    
         588  0.6900018    
         589  0.6899997    
         590  0.6899981    
         591  0.6899967    
         592  0.6899948    
         593  0.6899932    
         594  0.6899915    
         595  0.6899896    
         596  0.6899879    
         597  0.6899859    
         598  0.6899842    
         599  0.6899828    
         600  0.6899810    
         601  0.6899792    
         602  0.6899777    
         603  0.6899761    
         604  0.6899741    
         605  0.6899723    
         606  0.6899705    
         607  0.6899688    
         608  0.6899672    
         609  0.6899652    
         610  0.6899636    
         611  0.6899620    
         612  0.6899600    
         613  0.6899583    
         614  0.6899567    
         615  0.6899549    
         616  0.6899531    
         617  0.6899518    
         618  0.6899499    
         619  0.6899483    
         620  0.6899464    
         621  0.6899446    
         622  0.6899430    
         623  0.6899412    
         624  0.6899394    
         625  0.6899376    
         626  0.6899360    
         627  0.6899343    
         628  0.6899326    
         629  0.6899309    
         630  0.6899292    
         631  0.6899275    
         632  0.6899256    
         633  0.6899241    
         634  0.6899222    
         635  0.6899204    
         636  0.6899187    
         637  0.6899174    
         638  0.6899155    
         639  0.6899140    
         640  0.6899126    
         641  0.6899108    
         642  0.6899089    
         643  0.6899075    
         644  0.6899059    
         645  0.6899040    
         646  0.6899023    
         647  0.6899005    
         648  0.6898990    
         649  0.6898976    
         650  0.6898959    
         651  0.6898943    
         652  0.6898925    
         653  0.6898909    
         654  0.6898890    
         655  0.6898873    
         656  0.6898854    
         657  0.6898838    
         658  0.6898820    
         659  0.6898803    
         660  0.6898786    
         661  0.6898771    
         662  0.6898755    
         663  0.6898736    
         664  0.6898717    
         665  0.6898702    
         666  0.6898685    
         667  0.6898668    
         668  0.6898652    
         669  0.6898640    
         670  0.6898625    
         671  0.6898606    
         672  0.6898590    
         673  0.6898572    
         674  0.6898552    
         675  0.6898533    
         676  0.6898516    
         677  0.6898500    
         678  0.6898485    
         679  0.6898469    
         680  0.6898448    
         681  0.6898432    
         682  0.6898417    
         683  0.6898398    
         684  0.6898379    
         685  0.6898363    
         686  0.6898348    
         687  0.6898332    
         688  0.6898316    
         689  0.6898299    
         690  0.6898280    
         691  0.6898264    
         692  0.6898250    
         693  0.6898232    
         694  0.6898216    
         695  0.6898199    
         696  0.6898183    
         697  0.6898162    
         698  0.6898145    
         699  0.6898131    
         700  0.6898118    
         701  0.6898100    
         702  0.6898084    
         703  0.6898067    
         704  0.6898052    
         705  0.6898033    
         706  0.6898017    
         707  0.6898000    
         708  0.6897983    
         709  0.6897967    
         710  0.6897953    
         711  0.6897938    
         712  0.6897922    
         713  0.6897904    
         714  0.6897889    
         715  0.6897869    
         716  0.6897848    
         717  0.6897832    
         718  0.6897816    
         719  0.6897798    
         720  0.6897780    
         721  0.6897762    
         722  0.6897749    
         723  0.6897728    
         724  0.6897714    
         725  0.6897695    
         726  0.6897681    
         727  0.6897667    
         728  0.6897649    
         729  0.6897633    
         730  0.6897617    
         731  0.6897601    
         732  0.6897584    
         733  0.6897566    
         734  0.6897550    
         735  0.6897535    
         736  0.6897519    
         737  0.6897504    
         738  0.6897489    
         739  0.6897472    
         740  0.6897458    
         741  0.6897441    
         742  0.6897424    
         743  0.6897407    
         744  0.6897390    
         745  0.6897374    
         746  0.6897357    
         747  0.6897340    
         748  0.6897323    
         749  0.6897307    
         750  0.6897289    
         751  0.6897272    
         752  0.6897251    
         753  0.6897238    
         754  0.6897222    
         755  0.6897206    
         756  0.6897190    
         757  0.6897169    
         758  0.6897154    
         759  0.6897139    
         760  0.6897124    
         761  0.6897110    
         762  0.6897092    
         763  0.6897077    
         764  0.6897060    
         765  0.6897042    
         766  0.6897026    
         767  0.6897008    
         768  0.6896994    
         769  0.6896974    
         770  0.6896960    
         771  0.6896945    
         772  0.6896928    
         773  0.6896911    
         774  0.6896897    
         775  0.6896882    
         776  0.6896865    
         777  0.6896847    
         778  0.6896833    
         779  0.6896815    
         780  0.6896801    
         781  0.6896784    
         782  0.6896766    
         783  0.6896751    
         784  0.6896737    
         785  0.6896721    
         786  0.6896707    
         787  0.6896690    
         788  0.6896675    
         789  0.6896660    
         790  0.6896640    
         791  0.6896622    
         792  0.6896607    
         793  0.6896591    
         794  0.6896574    
         795  0.6896560    
         796  0.6896540    
         797  0.6896524    
         798  0.6896505    
         799  0.6896490    
         800  0.6896475    
         801  0.6896460    
         802  0.6896443    
         803  0.6896426    
         804  0.6896414    
         805  0.6896397    
         806  0.6896377    
         807  0.6896362    
         808  0.6896348    
         809  0.6896331    
         810  0.6896313    
         811  0.6896297    
         812  0.6896282    
         813  0.6896263    
         814  0.6896247    
         815  0.6896232    
         816  0.6896215    
         817  0.6896195    
         818  0.6896181    
         819  0.6896167    
         820  0.6896153    
         821  0.6896135    
         822  0.6896120    
         823  0.6896107    
         824  0.6896092    
         825  0.6896077    
         826  0.6896061    
         827  0.6896041    
         828  0.6896026    
         829  0.6896010    
         830  0.6895992    
         831  0.6895976    
         832  0.6895957    
         833  0.6895941    
         834  0.6895925    
         835  0.6895910    
         836  0.6895896    
         837  0.6895881    
         838  0.6895864    
         839  0.6895847    
         840  0.6895832    
         841  0.6895818    
         842  0.6895800    
         843  0.6895781    
         844  0.6895766    
         845  0.6895747    
         846  0.6895730    
         847  0.6895716    
         848  0.6895702    
         849  0.6895689    
         850  0.6895673    
         851  0.6895655    
         852  0.6895636    
         853  0.6895621    
         854  0.6895608    
         855  0.6895591    
         856  0.6895576    
         857  0.6895556    
         858  0.6895541    
         859  0.6895524    
         860  0.6895512    
         861  0.6895496    
         862  0.6895479    
         863  0.6895465    
         864  0.6895443    
         865  0.6895428    
         866  0.6895414    
         867  0.6895399    
         868  0.6895382    
         869  0.6895365    
         870  0.6895348    
         871  0.6895334    
         872  0.6895317    
         873  0.6895302    
         874  0.6895288    
         875  0.6895273    
         876  0.6895257    
         877  0.6895243    
         878  0.6895227    
         879  0.6895209    
         880  0.6895193    
         881  0.6895173    
         882  0.6895159    
         883  0.6895142    
         884  0.6895127    
         885  0.6895111    
         886  0.6895093    
         887  0.6895077    
         888  0.6895061    
         889  0.6895044    
         890  0.6895030    
         891  0.6895013    
         892  0.6895000    
         893  0.6894984    
         894  0.6894970    
         895  0.6894955    
         896  0.6894940    
         897  0.6894925    
         898  0.6894906    
         899  0.6894891    
         900  0.6894875    
         901  0.6894858    
         902  0.6894840    
         903  0.6894825    
         904  0.6894811    
         905  0.6894796    
         906  0.6894782    
         907  0.6894767    
         908  0.6894749    
         909  0.6894732    
         910  0.6894713    
