-50.0 -50.0 0.0158036995
-50.0 -48.0 0.0158219879
-50.0 -46.0 0.0158401901
-50.0 -44.0 0.0158583054
-50.0 -42.0 0.0158763333
-50.0 -40.0 0.0158942729
-50.0 -38.0 0.0159121238
-50.0 -36.0 0.0159298851
-50.0 -34.0 0.0159475563
-50.0 -32.0 0.0159651366
-50.0 -30.0 0.0159826255
-50.0 -28.0 0.0160000222
-50.0 -26.0 0.0160173262
-50.0 -24.0 0.0160345367
-50.0 -22.0 0.0160516531
-50.0 -20.0 0.0160686749
-50.0 -18.0 0.0160856013
-50.0 -16.0 0.0161024316
-50.0 -14.0 0.0161191654
-50.0 -12.0 0.0161358019
-50.0 -10.0 0.0161523404
-50.0 -8.0 0.0161687805
-50.0 -6.0 0.0161851214
-50.0 -4.0 0.0162013626
-50.0 -2.0 0.0162175033
-50.0 0.0 0.0162335431
-50.0 2.0 0.0162494812
-50.0 4.0 0.0162653171
-50.0 6.0 0.0162810502
-50.0 8.0 0.0162966799
-50.0 10.0 0.0163122055
-50.0 12.0 0.0163276265
-50.0 14.0 0.0163429423
-50.0 16.0 0.0163581523
-50.0 18.0 0.0163732559
-50.0 20.0 0.0163882526
-50.0 22.0 0.0164031417
-50.0 24.0 0.0164179227
-50.0 26.0 0.0164325950
-50.0 28.0 0.0164471580
-50.0 30.0 0.0164616112
-50.0 32.0 0.0164759541
-50.0 34.0 0.0164901860
-50.0 36.0 0.0165043065
-50.0 38.0 0.0165183149
-50.0 40.0 0.0165322108
-50.0 42.0 0.0165459936
-50.0 44.0 0.0165596628
-50.0 46.0 0.0165732177
-50.0 48.0 0.0165866581
-50.0 50.0 0.0165999832
-48.0 -50.0 0.0158219879
-48.0 -48.0 0.0158402867
-48.0 -46.0 0.0158584992
-48.0 -44.0 0.0158766246
-48.0 -42.0 0.0158946623
-48.0 -40.0 0.0159126116
-48.0 -38.0 0.0159304718
-48.0 -36.0 0.0159482423
-48.0 -34.0 0.0159659224
-48.0 -32.0 0.0159835115
-48.0 -30.0 0.0160010088
-48.0 -28.0 0.0160184138
-48.0 -26.0 0.0160357258
-48.0 -24.0 0.0160529442
-48.0 -22.0 0.0160700683
-48.0 -20.0 0.0160870974
-48.0 -18.0 0.0161040309
-48.0 -16.0 0.0161208682
-48.0 -14.0 0.0161376086
-48.0 -12.0 0.0161542516
-48.0 -10.0 0.0161707964
-48.0 -8.0 0.0161872425
-48.0 -6.0 0.0162035891
-48.0 -4.0 0.0162198358
-48.0 -2.0 0.0162359819
-48.0 0.0 0.0162520268
-48.0 2.0 0.0162679698
-48.0 4.0 0.0162838103
-48.0 6.0 0.0162995478
-48.0 8.0 0.0163151817
-48.0 10.0 0.0163307112
-48.0 12.0 0.0163461360
-48.0 14.0 0.0163614553
-48.0 16.0 0.0163766685
-48.0 18.0 0.0163917751
-48.0 20.0 0.0164067746
-48.0 22.0 0.0164216662
-48.0 24.0 0.0164364495
-48.0 26.0 0.0164511239
-48.0 28.0 0.0164656888
-48.0 30.0 0.0164801437
-48.0 32.0 0.0164944879
-48.0 34.0 0.0165087210
-48.0 36.0 0.0165228424
-48.0 38.0 0.0165368515
-48.0 40.0 0.0165507479
-48.0 42.0 0.0165645309
-48.0 44.0 0.0165782000
-48.0 46.0 0.0165917548
-48.0 48.0 0.0166051947
-48.0 50.0 0.0166185191
-46.0 -50.0 0.0158401901
-46.0 -48.0 0.0158584992
-46.0 -46.0 0.0158767217
-46.0 -44.0 0.0158948570
-46.0 -42.0 0.0159129043
-46.0 -40.0 0.0159308629
-46.0 -38.0 0.0159487323
-46.0 -36.0 0.0159665118
-46.0 -34.0 0.0159842006
-46.0 -32.0 0.0160017982
-46.0 -30.0 0.0160193038
-46.0 -28.0 0.0160367169
-46.0 -26.0 0.0160540368
-46.0 -24.0 0.0160712627
-46.0 -22.0 0.0160883942
-46.0 -20.0 0.0161054304
-46.0 -18.0 0.0161223709
-46.0 -16.0 0.0161392149
-46.0 -14.0 0.0161559618
-46.0 -12.0 0.0161726110
-46.0 -10.0 0.0161891619
-46.0 -8.0 0.0162056138
-46.0 -6.0 0.0162219660
-46.0 -4.0 0.0162382181
-46.0 -2.0 0.0162543693
-46.0 0.0 0.0162704190
-46.0 2.0 0.0162863667
-46.0 4.0 0.0163022117
-46.0 6.0 0.0163179534
-46.0 8.0 0.0163335912
-46.0 10.0 0.0163491245
-46.0 12.0 0.0163645528
-46.0 14.0 0.0163798753
-46.0 16.0 0.0163950916
-46.0 18.0 0.0164102011
-46.0 20.0 0.0164252031
-46.0 22.0 0.0164400971
-46.0 24.0 0.0164548826
-46.0 26.0 0.0164695589
-46.0 28.0 0.0164841254
-46.0 30.0 0.0164985817
-46.0 32.0 0.0165129272
-46.0 34.0 0.0165271613
-46.0 36.0 0.0165412834
-46.0 38.0 0.0165552930
-46.0 40.0 0.0165691897
-46.0 42.0 0.0165829727
-46.0 44.0 0.0165966417
-46.0 46.0 0.0166101961
-46.0 48.0 0.0166236353
-46.0 50.0 0.0166369588
-44.0 -50.0 0.0158583054
-44.0 -48.0 0.0158766246
-44.0 -46.0 0.0158948570
-44.0 -44.0 0.0159130018
-44.0 -42.0 0.0159310585
-44.0 -40.0 0.0159490264
-44.0 -38.0 0.0159669047
-44.0 -36.0 0.0159846929
-44.0 -34.0 0.0160023903
-44.0 -32.0 0.0160199961
-44.0 -30.0 0.0160375098
-44.0 -28.0 0.0160549308
-44.0 -26.0 0.0160722582
-44.0 -24.0 0.0160894916
-44.0 -22.0 0.0161066302
-44.0 -20.0 0.0161236735
-44.0 -18.0 0.0161406206
-44.0 -16.0 0.0161574712
-44.0 -14.0 0.0161742244
-44.0 -12.0 0.0161908796
-44.0 -10.0 0.0162074363
-44.0 -8.0 0.0162238938
-44.0 -6.0 0.0162402514
-44.0 -4.0 0.0162565086
-44.0 -2.0 0.0162726647
-44.0 0.0 0.0162887191
-44.0 2.0 0.0163046713
-44.0 4.0 0.0163205205
-44.0 6.0 0.0163362662
-44.0 8.0 0.0163519078
-44.0 10.0 0.0163674447
-44.0 12.0 0.0163828762
-44.0 14.0 0.0163982019
-44.0 16.0 0.0164134211
-44.0 18.0 0.0164285332
-44.0 20.0 0.0164435376
-44.0 22.0 0.0164584338
-44.0 24.0 0.0164732212
-44.0 26.0 0.0164878992
-44.0 28.0 0.0165024672
-44.0 30.0 0.0165169248
-44.0 32.0 0.0165312712
-44.0 34.0 0.0165455061
-44.0 36.0 0.0165596288
-44.0 38.0 0.0165736388
-44.0 40.0 0.0165875355
-44.0 42.0 0.0166013184
-44.0 44.0 0.0166149870
-44.0 46.0 0.0166285408
-44.0 48.0 0.0166419792
-44.0 50.0 0.0166553017
-42.0 -50.0 0.0158763333
-42.0 -48.0 0.0158946623
-42.0 -46.0 0.0159129043
-42.0 -44.0 0.0159310585
-42.0 -42.0 0.0159491244
-42.0 -40.0 0.0159671012
-42.0 -38.0 0.0159849883
-42.0 -36.0 0.0160027850
-42.0 -34.0 0.0160204906
-42.0 -32.0 0.0160381046
-42.0 -30.0 0.0160556262
-42.0 -28.0 0.0160730547
-42.0 -26.0 0.0160903896
-42.0 -24.0 0.0161076302
-42.0 -22.0 0.0161247757
-42.0 -20.0 0.0161418257
-42.0 -18.0 0.0161587794
-42.0 -16.0 0.0161756362
-42.0 -14.0 0.0161923955
-42.0 -12.0 0.0162090566
-42.0 -10.0 0.0162256189
-42.0 -8.0 0.0162420818
-42.0 -6.0 0.0162584446
-42.0 -4.0 0.0162747067
-42.0 -2.0 0.0162908675
-42.0 0.0 0.0163069265
-42.0 2.0 0.0163228829
-42.0 4.0 0.0163387361
-42.0 6.0 0.0163544856
-42.0 8.0 0.0163701308
-42.0 10.0 0.0163856710
-42.0 12.0 0.0164011057
-42.0 14.0 0.0164164343
-42.0 16.0 0.0164316561
-42.0 18.0 0.0164467706
-42.0 20.0 0.0164617773
-42.0 22.0 0.0164766754
-42.0 24.0 0.0164914646
-42.0 26.0 0.0165061441
-42.0 28.0 0.0165207134
-42.0 30.0 0.0165351721
-42.0 32.0 0.0165495194
-42.0 34.0 0.0165637548
-42.0 36.0 0.0165778779
-42.0 38.0 0.0165918880
-42.0 40.0 0.0166057847
-42.0 42.0 0.0166195673
-42.0 44.0 0.0166332354
-42.0 46.0 0.0166467884
-42.0 48.0 0.0166602258
-42.0 50.0 0.0166735470
-40.0 -50.0 0.0158942729
-40.0 -48.0 0.0159126116
-40.0 -46.0 0.0159308629
-40.0 -44.0 0.0159490264
-40.0 -42.0 0.0159671012
-40.0 -40.0 0.0159850868
-40.0 -38.0 0.0160029824
-40.0 -36.0 0.0160207874
-40.0 -34.0 0.0160385011
-40.0 -32.0 0.0160561229
-40.0 -30.0 0.0160736521
-40.0 -28.0 0.0160910881
-40.0 -26.0 0.0161084302
-40.0 -24.0 0.0161256777
-40.0 -22.0 0.0161428301
-40.0 -20.0 0.0161598866
-40.0 -18.0 0.0161768466
-40.0 -16.0 0.0161937095
-40.0 -14.0 0.0162104746
-40.0 -12.0 0.0162271413
-40.0 -10.0 0.0162437090
-40.0 -8.0 0.0162601771
-40.0 -6.0 0.0162765449
-40.0 -4.0 0.0162928117
-40.0 -2.0 0.0163089771
-40.0 0.0 0.0163250403
-40.0 2.0 0.0163410008
-40.0 4.0 0.0163568578
-40.0 6.0 0.0163726110
-40.0 8.0 0.0163882595
-40.0 10.0 0.0164038029
-40.0 12.0 0.0164192405
-40.0 14.0 0.0164345718
-40.0 16.0 0.0164497961
-40.0 18.0 0.0164649128
-40.0 20.0 0.0164799215
-40.0 22.0 0.0164948215
-40.0 24.0 0.0165096122
-40.0 26.0 0.0165242930
-40.0 28.0 0.0165388635
-40.0 30.0 0.0165533230
-40.0 32.0 0.0165676709
-40.0 34.0 0.0165819068
-40.0 36.0 0.0165960301
-40.0 38.0 0.0166100402
-40.0 40.0 0.0166239366
-40.0 42.0 0.0166377187
-40.0 44.0 0.0166513860
-40.0 46.0 0.0166649381
-40.0 48.0 0.0166783743
-40.0 50.0 0.0166916941
-38.0 -50.0 0.0159121238
-38.0 -48.0 0.0159304718
-38.0 -46.0 0.0159487323
-38.0 -44.0 0.0159669047
-38.0 -42.0 0.0159849883
-38.0 -40.0 0.0160029824
-38.0 -38.0 0.0160208863
-38.0 -36.0 0.0160386994
-38.0 -34.0 0.0160564210
-38.0 -32.0 0.0160740504
-38.0 -30.0 0.0160915871
-38.0 -28.0 0.0161090303
-38.0 -26.0 0.0161263793
-38.0 -24.0 0.0161436336
-38.0 -22.0 0.0161607925
-38.0 -20.0 0.0161778553
-38.0 -18.0 0.0161948214
-38.0 -16.0 0.0162116902
-38.0 -14.0 0.0162284610
-38.0 -12.0 0.0162451331
-38.0 -10.0 0.0162617061
-38.0 -8.0 0.0162781791
-38.0 -6.0 0.0162945516
-38.0 -4.0 0.0163108230
-38.0 -2.0 0.0163269927
-38.0 0.0 0.0163430600
-38.0 2.0 0.0163590243
-38.0 4.0 0.0163748850
-38.0 6.0 0.0163906415
-38.0 8.0 0.0164062933
-38.0 10.0 0.0164218396
-38.0 12.0 0.0164372800
-38.0 14.0 0.0164526137
-38.0 16.0 0.0164678403
-38.0 18.0 0.0164829591
-38.0 20.0 0.0164979696
-38.0 22.0 0.0165128712
-38.0 24.0 0.0165276632
-38.0 26.0 0.0165423452
-38.0 28.0 0.0165569166
-38.0 30.0 0.0165713768
-38.0 32.0 0.0165857252
-38.0 34.0 0.0165999613
-38.0 36.0 0.0166140846
-38.0 38.0 0.0166280945
-38.0 40.0 0.0166419904
-38.0 42.0 0.0166557719
-38.0 44.0 0.0166694383
-38.0 46.0 0.0166829893
-38.0 48.0 0.0166964241
-38.0 50.0 0.0167097424
-36.0 -50.0 0.0159298851
-36.0 -48.0 0.0159482423
-36.0 -46.0 0.0159665118
-36.0 -44.0 0.0159846929
-36.0 -42.0 0.0160027850
-36.0 -40.0 0.0160207874
-36.0 -38.0 0.0160386994
-36.0 -36.0 0.0160565203
-36.0 -34.0 0.0160742496
-36.0 -32.0 0.0160918865
-36.0 -30.0 0.0161094303
-36.0 -28.0 0.0161268805
-36.0 -26.0 0.0161442363
-36.0 -24.0 0.0161614972
-36.0 -22.0 0.0161786624
-36.0 -20.0 0.0161957313
-36.0 -18.0 0.0162127033
-36.0 -16.0 0.0162295777
-36.0 -14.0 0.0162463540
-36.0 -12.0 0.0162630314
-36.0 -10.0 0.0162796093
-36.0 -8.0 0.0162960871
-36.0 -6.0 0.0163124642
-36.0 -4.0 0.0163287399
-36.0 -2.0 0.0163449137
-36.0 0.0 0.0163609848
-36.0 2.0 0.0163769528
-36.0 4.0 0.0163928170
-36.0 6.0 0.0164085767
-36.0 8.0 0.0164242314
-36.0 10.0 0.0164397805
-36.0 12.0 0.0164552234
-36.0 14.0 0.0164705594
-36.0 16.0 0.0164857881
-36.0 18.0 0.0165009088
-36.0 20.0 0.0165159209
-36.0 22.0 0.0165308239
-36.0 24.0 0.0165456171
-36.0 26.0 0.0165603001
-36.0 28.0 0.0165748722
-36.0 30.0 0.0165893329
-36.0 32.0 0.0166036816
-36.0 34.0 0.0166179177
-36.0 36.0 0.0166320408
-36.0 38.0 0.0166460503
-36.0 40.0 0.0166599456
-36.0 42.0 0.0166737262
-36.0 44.0 0.0166873916
-36.0 46.0 0.0167009412
-36.0 48.0 0.0167143745
-36.0 50.0 0.0167276911
-34.0 -50.0 0.0159475563
-34.0 -48.0 0.0159659224
-34.0 -46.0 0.0159842006
-34.0 -44.0 0.0160023903
-34.0 -42.0 0.0160204906
-34.0 -40.0 0.0160385011
-34.0 -38.0 0.0160564210
-34.0 -36.0 0.0160742496
-34.0 -34.0 0.0160919863
-34.0 -32.0 0.0161096303
-34.0 -30.0 0.0161271812
-34.0 -28.0 0.0161446381
-34.0 -26.0 0.0161620005
-34.0 -24.0 0.0161792677
-34.0 -22.0 0.0161964390
-34.0 -20.0 0.0162135139
-34.0 -18.0 0.0162304915
-34.0 -16.0 0.0162473714
-34.0 -14.0 0.0162641529
-34.0 -12.0 0.0162808353
-34.0 -10.0 0.0162974180
-34.0 -8.0 0.0163139004
-34.0 -6.0 0.0163302818
-34.0 -4.0 0.0163465617
-34.0 -2.0 0.0163627393
-34.0 0.0 0.0163788142
-34.0 2.0 0.0163947856
-34.0 4.0 0.0164106530
-34.0 6.0 0.0164264157
-34.0 8.0 0.0164420732
-34.0 10.0 0.0164576249
-34.0 12.0 0.0164730701
-34.0 14.0 0.0164884083
-34.0 16.0 0.0165036388
-34.0 18.0 0.0165187612
-34.0 20.0 0.0165337747
-34.0 22.0 0.0165486789
-34.0 24.0 0.0165634731
-34.0 26.0 0.0165781569
-34.0 28.0 0.0165927295
-34.0 30.0 0.0166071905
-34.0 32.0 0.0166215393
-34.0 34.0 0.0166357754
-34.0 36.0 0.0166498981
-34.0 38.0 0.0166639070
-34.0 40.0 0.0166778015
-34.0 42.0 0.0166915811
-34.0 44.0 0.0167052452
-34.0 46.0 0.0167187933
-34.0 48.0 0.0167322249
-34.0 50.0 0.0167455395
-32.0 -50.0 0.0159651366
-32.0 -48.0 0.0159835115
-32.0 -46.0 0.0160017982
-32.0 -44.0 0.0160199961
-32.0 -42.0 0.0160381046
-32.0 -40.0 0.0160561229
-32.0 -38.0 0.0160740504
-32.0 -36.0 0.0160918865
-32.0 -34.0 0.0161096303
-32.0 -32.0 0.0161272814
-32.0 -30.0 0.0161448391
-32.0 -28.0 0.0161623026
-32.0 -26.0 0.0161796713
-32.0 -24.0 0.0161969446
-32.0 -22.0 0.0162141218
-32.0 -20.0 0.0162312023
-32.0 -18.0 0.0162481855
-32.0 -16.0 0.0162650706
-32.0 -14.0 0.0162818571
-32.0 -12.0 0.0162985443
-32.0 -10.0 0.0163151316
-32.0 -8.0 0.0163316183
-32.0 -6.0 0.0163480039
-32.0 -4.0 0.0163642877
-32.0 -2.0 0.0163804690
-32.0 0.0 0.0163965474
-32.0 2.0 0.0164125220
-32.0 4.0 0.0164283925
-32.0 6.0 0.0164441580
-32.0 8.0 0.0164598181
-32.0 10.0 0.0164753721
-32.0 12.0 0.0164908195
-32.0 14.0 0.0165061596
-32.0 16.0 0.0165213918
-32.0 18.0 0.0165365156
-32.0 20.0 0.0165515304
-32.0 22.0 0.0165664356
-32.0 24.0 0.0165812307
-32.0 26.0 0.0165959150
-32.0 28.0 0.0166104879
-32.0 30.0 0.0166249491
-32.0 32.0 0.0166392978
-32.0 34.0 0.0166535335
-32.0 36.0 0.0166676557
-32.0 38.0 0.0166816638
-32.0 40.0 0.0166955573
-32.0 42.0 0.0167093357
-32.0 44.0 0.0167229984
-32.0 46.0 0.0167365448
-32.0 48.0 0.0167499746
-32.0 50.0 0.0167632871
-30.0 -50.0 0.0159826255
-30.0 -48.0 0.0160010088
-30.0 -46.0 0.0160193038
-30.0 -44.0 0.0160375098
-30.0 -42.0 0.0160556262
-30.0 -40.0 0.0160736521
-30.0 -38.0 0.0160915871
-30.0 -36.0 0.0161094303
-30.0 -34.0 0.0161271812
-30.0 -32.0 0.0161448391
-30.0 -30.0 0.0161624033
-30.0 -28.0 0.0161798731
-30.0 -26.0 0.0161972480
-30.0 -24.0 0.0162145272
-30.0 -22.0 0.0162317101
-30.0 -20.0 0.0162487961
-30.0 -18.0 0.0162657845
-30.0 -16.0 0.0162826746
-30.0 -14.0 0.0162994659
-30.0 -12.0 0.0163161577
-30.0 -10.0 0.0163327494
-30.0 -8.0 0.0163492403
-30.0 -6.0 0.0163656298
-30.0 -4.0 0.0163819173
-30.0 -2.0 0.0163981021
-30.0 0.0 0.0164141837
-30.0 2.0 0.0164301615
-30.0 4.0 0.0164460347
-30.0 6.0 0.0164618029
-30.0 8.0 0.0164774653
-30.0 10.0 0.0164930215
-30.0 12.0 0.0165084708
-30.0 14.0 0.0165238126
-30.0 16.0 0.0165390464
-30.0 18.0 0.0165541715
-30.0 20.0 0.0165691873
-30.0 22.0 0.0165840933
-30.0 24.0 0.0165988890
-30.0 26.0 0.0166135737
-30.0 28.0 0.0166281468
-30.0 30.0 0.0166426079
-30.0 32.0 0.0166569563
-30.0 34.0 0.0166711915
-30.0 36.0 0.0166853130
-30.0 38.0 0.0166993202
-30.0 40.0 0.0167132125
-30.0 42.0 0.0167269895
-30.0 44.0 0.0167406505
-30.0 46.0 0.0167541952
-30.0 48.0 0.0167676229
-30.0 50.0 0.0167809331
-28.0 -50.0 0.0160000222
-28.0 -48.0 0.0160184138
-28.0 -46.0 0.0160367169
-28.0 -44.0 0.0160549308
-28.0 -42.0 0.0160730547
-28.0 -40.0 0.0160910881
-28.0 -38.0 0.0161090303
-28.0 -36.0 0.0161268805
-28.0 -34.0 0.0161446381
-28.0 -32.0 0.0161623026
-28.0 -30.0 0.0161798731
-28.0 -28.0 0.0161973491
-28.0 -26.0 0.0162147298
-28.0 -24.0 0.0162320148
-28.0 -22.0 0.0162492032
-28.0 -20.0 0.0162662944
-28.0 -18.0 0.0162832878
-28.0 -16.0 0.0163001828
-28.0 -14.0 0.0163169787
-28.0 -12.0 0.0163336749
-28.0 -10.0 0.0163502707
-28.0 -8.0 0.0163667656
-28.0 -6.0 0.0163831588
-28.0 -4.0 0.0163994498
-28.0 -2.0 0.0164156379
-28.0 0.0 0.0164317226
-28.0 2.0 0.0164477032
-28.0 4.0 0.0164635790
-28.0 6.0 0.0164793496
-28.0 8.0 0.0164950143
-28.0 10.0 0.0165105724
-28.0 12.0 0.0165260235
-28.0 14.0 0.0165413668
-28.0 16.0 0.0165566018
-28.0 18.0 0.0165717280
-28.0 20.0 0.0165867447
-28.0 22.0 0.0166016514
-28.0 24.0 0.0166164474
-28.0 26.0 0.0166311323
-28.0 28.0 0.0166457055
-28.0 30.0 0.0166601663
-28.0 32.0 0.0166745142
-28.0 34.0 0.0166887488
-28.0 36.0 0.0167028693
-28.0 38.0 0.0167168754
-28.0 40.0 0.0167307664
-28.0 42.0 0.0167445418
-28.0 44.0 0.0167582010
-28.0 46.0 0.0167717436
-28.0 48.0 0.0167851691
-28.0 50.0 0.0167984768
-26.0 -50.0 0.0160173262
-26.0 -48.0 0.0160357258
-26.0 -46.0 0.0160540368
-26.0 -44.0 0.0160722582
-26.0 -42.0 0.0160903896
-26.0 -40.0 0.0161084302
-26.0 -38.0 0.0161263793
-26.0 -36.0 0.0161442363
-26.0 -34.0 0.0161620005
-26.0 -32.0 0.0161796713
-26.0 -30.0 0.0161972480
-26.0 -28.0 0.0162147298
-26.0 -26.0 0.0162321163
-26.0 -24.0 0.0162494067
-26.0 -22.0 0.0162666004
-26.0 -20.0 0.0162836966
-26.0 -18.0 0.0163006949
-26.0 -16.0 0.0163175945
-26.0 -14.0 0.0163343948
-26.0 -12.0 0.0163510952
-26.0 -10.0 0.0163676949
-26.0 -8.0 0.0163841935
-26.0 -6.0 0.0164005903
-26.0 -4.0 0.0164168846
-26.0 -2.0 0.0164330758
-26.0 0.0 0.0164491633
-26.0 2.0 0.0164651465
-26.0 4.0 0.0164810248
-26.0 6.0 0.0164967976
-26.0 8.0 0.0165124643
-26.0 10.0 0.0165280242
-26.0 12.0 0.0165434768
-26.0 14.0 0.0165588214
-26.0 16.0 0.0165740576
-26.0 18.0 0.0165891846
-26.0 20.0 0.0166042020
-26.0 22.0 0.0166191091
-26.0 24.0 0.0166339054
-26.0 26.0 0.0166485903
-26.0 28.0 0.0166631632
-26.0 30.0 0.0166776236
-26.0 32.0 0.0166919709
-26.0 34.0 0.0167062046
-26.0 36.0 0.0167203240
-26.0 38.0 0.0167343287
-26.0 40.0 0.0167482182
-26.0 42.0 0.0167619918
-26.0 44.0 0.0167756491
-26.0 46.0 0.0167891896
-26.0 48.0 0.0168026126
-26.0 50.0 0.0168159177
-24.0 -50.0 0.0160345367
-24.0 -48.0 0.0160529442
-24.0 -46.0 0.0160712627
-24.0 -44.0 0.0160894916
-24.0 -42.0 0.0161076302
-24.0 -40.0 0.0161256777
-24.0 -38.0 0.0161436336
-24.0 -36.0 0.0161614972
-24.0 -34.0 0.0161792677
-24.0 -32.0 0.0161969446
-24.0 -30.0 0.0162145272
-24.0 -28.0 0.0162320148
-24.0 -26.0 0.0162494067
-24.0 -24.0 0.0162667023
-24.0 -22.0 0.0162839011
-24.0 -20.0 0.0163010022
-24.0 -18.0 0.0163180050
-24.0 -16.0 0.0163349090
-24.0 -14.0 0.0163517135
-24.0 -12.0 0.0163684178
-24.0 -10.0 0.0163850214
-24.0 -8.0 0.0164015235
-24.0 -6.0 0.0164179236
-24.0 -4.0 0.0164342209
-24.0 -2.0 0.0164504150
-24.0 0.0 0.0164665052
-24.0 2.0 0.0164824909
-24.0 4.0 0.0164983714
-24.0 6.0 0.0165141462
-24.0 8.0 0.0165298146
-24.0 10.0 0.0165453761
-24.0 12.0 0.0165608300
-24.0 14.0 0.0165761758
-24.0 16.0 0.0165914129
-24.0 18.0 0.0166065406
-24.0 20.0 0.0166215585
-24.0 22.0 0.0166364659
-24.0 24.0 0.0166512622
-24.0 26.0 0.0166659469
-24.0 28.0 0.0166805194
-24.0 30.0 0.0166949792
-24.0 32.0 0.0167093256
-24.0 34.0 0.0167235582
-24.0 36.0 0.0167376764
-24.0 38.0 0.0167516797
-24.0 40.0 0.0167655674
-24.0 42.0 0.0167793391
-24.0 44.0 0.0167929942
-24.0 46.0 0.0168065323
-24.0 48.0 0.0168199527
-24.0 50.0 0.0168332550
-22.0 -50.0 0.0160516531
-22.0 -48.0 0.0160700683
-22.0 -46.0 0.0160883942
-22.0 -44.0 0.0161066302
-22.0 -42.0 0.0161247757
-22.0 -40.0 0.0161428301
-22.0 -38.0 0.0161607925
-22.0 -36.0 0.0161786624
-22.0 -34.0 0.0161964390
-22.0 -32.0 0.0162141218
-22.0 -30.0 0.0162317101
-22.0 -28.0 0.0162492032
-22.0 -26.0 0.0162666004
-22.0 -24.0 0.0162839011
-22.0 -22.0 0.0163011046
-22.0 -20.0 0.0163182103
-22.0 -18.0 0.0163352176
-22.0 -16.0 0.0163521258
-22.0 -14.0 0.0163689342
-22.0 -12.0 0.0163856423
-22.0 -10.0 0.0164022494
-22.0 -8.0 0.0164187548
-22.0 -6.0 0.0164351580
-22.0 -4.0 0.0164514583
-22.0 -2.0 0.0164676551
-22.0 0.0 0.0164837477
-22.0 2.0 0.0164997356
-22.0 4.0 0.0165156181
-22.0 6.0 0.0165313947
-22.0 8.0 0.0165470647
-22.0 10.0 0.0165626276
-22.0 12.0 0.0165780827
-22.0 14.0 0.0165934294
-22.0 16.0 0.0166086672
-22.0 18.0 0.0166237954
-22.0 20.0 0.0166388136
-22.0 22.0 0.0166537210
-22.0 24.0 0.0166685172
-22.0 26.0 0.0166832015
-22.0 28.0 0.0166977734
-22.0 30.0 0.0167122324
-22.0 32.0 0.0167265778
-22.0 34.0 0.0167408092
-22.0 36.0 0.0167549259
-22.0 38.0 0.0167689274
-22.0 40.0 0.0167828133
-22.0 42.0 0.0167965829
-22.0 44.0 0.0168102357
-22.0 46.0 0.0168237712
-22.0 48.0 0.0168371889
-22.0 50.0 0.0168504882
-20.0 -50.0 0.0160686749
-20.0 -48.0 0.0160870974
-20.0 -46.0 0.0161054304
-20.0 -44.0 0.0161236735
-20.0 -42.0 0.0161418257
-20.0 -40.0 0.0161598866
-20.0 -38.0 0.0161778553
-20.0 -36.0 0.0161957313
-20.0 -34.0 0.0162135139
-20.0 -32.0 0.0162312023
-20.0 -30.0 0.0162487961
-20.0 -28.0 0.0162662944
-20.0 -26.0 0.0162836966
-20.0 -24.0 0.0163010022
-20.0 -22.0 0.0163182103
-20.0 -20.0 0.0163353205
-20.0 -18.0 0.0163523319
-20.0 -16.0 0.0163692441
-20.0 -14.0 0.0163860563
-20.0 -12.0 0.0164027679
-20.0 -10.0 0.0164193783
-20.0 -8.0 0.0164358869
-20.0 -6.0 0.0164522929
-20.0 -4.0 0.0164685959
-20.0 -2.0 0.0164847952
-20.0 0.0 0.0165008900
-20.0 2.0 0.0165168800
-20.0 4.0 0.0165327644
-20.0 6.0 0.0165485425
-20.0 8.0 0.0165642139
-20.0 10.0 0.0165797780
-20.0 12.0 0.0165952340
-20.0 14.0 0.0166105815
-20.0 16.0 0.0166258198
-20.0 18.0 0.0166409483
-20.0 20.0 0.0166559665
-20.0 22.0 0.0166708738
-20.0 24.0 0.0166856697
-20.0 26.0 0.0167003534
-20.0 28.0 0.0167149246
-20.0 30.0 0.0167293825
-20.0 32.0 0.0167437267
-20.0 34.0 0.0167579567
-20.0 36.0 0.0167720718
-20.0 38.0 0.0167860714
-20.0 40.0 0.0167999552
-20.0 42.0 0.0168137225
-20.0 44.0 0.0168273728
-20.0 46.0 0.0168409056
-20.0 48.0 0.0168543203
-20.0 50.0 0.0168676165
-18.0 -50.0 0.0160856013
-18.0 -48.0 0.0161040309
-18.0 -46.0 0.0161223709
-18.0 -44.0 0.0161406206
-18.0 -42.0 0.0161587794
-18.0 -40.0 0.0161768466
-18.0 -38.0 0.0161948214
-18.0 -36.0 0.0162127033
-18.0 -34.0 0.0162304915
-18.0 -32.0 0.0162481855
-18.0 -30.0 0.0162657845
-18.0 -28.0 0.0162832878
-18.0 -26.0 0.0163006949
-18.0 -24.0 0.0163180050
-18.0 -22.0 0.0163352176
-18.0 -20.0 0.0163523319
-18.0 -18.0 0.0163693474
-18.0 -16.0 0.0163862633
-18.0 -14.0 0.0164030791
-18.0 -12.0 0.0164197940
-18.0 -10.0 0.0164364075
-18.0 -8.0 0.0164529190
-18.0 -6.0 0.0164693278
-18.0 -4.0 0.0164856332
-18.0 -2.0 0.0165018347
-18.0 0.0 0.0165179316
-18.0 2.0 0.0165339234
-18.0 4.0 0.0165498094
-18.0 6.0 0.0165655890
-18.0 8.0 0.0165812616
-18.0 10.0 0.0165968266
-18.0 12.0 0.0166122834
-18.0 14.0 0.0166276314
-18.0 16.0 0.0166428700
-18.0 18.0 0.0166579987
-18.0 20.0 0.0166730168
-18.0 22.0 0.0166879237
-18.0 24.0 0.0167027190
-18.0 26.0 0.0167174020
-18.0 28.0 0.0167319722
-18.0 30.0 0.0167464290
-18.0 32.0 0.0167607718
-18.0 34.0 0.0167750001
-18.0 36.0 0.0167891134
-18.0 38.0 0.0168031110
-18.0 40.0 0.0168169925
-18.0 42.0 0.0168307574
-18.0 44.0 0.0168444050
-18.0 46.0 0.0168579348
-18.0 48.0 0.0168713465
-18.0 50.0 0.0168846393
-16.0 -50.0 0.0161024316
-16.0 -48.0 0.0161208682
-16.0 -46.0 0.0161392149
-16.0 -44.0 0.0161574712
-16.0 -42.0 0.0161756362
-16.0 -40.0 0.0161937095
-16.0 -38.0 0.0162116902
-16.0 -36.0 0.0162295777
-16.0 -34.0 0.0162473714
-16.0 -32.0 0.0162650706
-16.0 -30.0 0.0162826746
-16.0 -28.0 0.0163001828
-16.0 -26.0 0.0163175945
-16.0 -24.0 0.0163349090
-16.0 -22.0 0.0163521258
-16.0 -20.0 0.0163692441
-16.0 -18.0 0.0163862633
-16.0 -16.0 0.0164031828
-16.0 -14.0 0.0164200019
-16.0 -12.0 0.0164367199
-16.0 -10.0 0.0164533364
-16.0 -8.0 0.0164698505
-16.0 -6.0 0.0164862618
-16.0 -4.0 0.0165025695
-16.0 -2.0 0.0165187731
-16.0 0.0 0.0165348718
-16.0 2.0 0.0165508652
-16.0 4.0 0.0165667526
-16.0 6.0 0.0165825334
-16.0 8.0 0.0165982070
-16.0 10.0 0.0166137728
-16.0 12.0 0.0166292301
-16.0 14.0 0.0166445785
-16.0 16.0 0.0166598172
-16.0 18.0 0.0166749458
-16.0 20.0 0.0166899636
-16.0 22.0 0.0167048701
-16.0 24.0 0.0167196646
-16.0 26.0 0.0167343467
-16.0 28.0 0.0167489157
-16.0 30.0 0.0167633711
-16.0 32.0 0.0167777124
-16.0 34.0 0.0167919389
-16.0 36.0 0.0168060501
-16.0 38.0 0.0168200455
-16.0 40.0 0.0168339246
-16.0 42.0 0.0168476868
-16.0 44.0 0.0168613315
-16.0 46.0 0.0168748583
-16.0 48.0 0.0168882666
-16.0 50.0 0.0169015560
-14.0 -50.0 0.0161191654
-14.0 -48.0 0.0161376086
-14.0 -46.0 0.0161559618
-14.0 -44.0 0.0161742244
-14.0 -42.0 0.0161923955
-14.0 -40.0 0.0162104746
-14.0 -38.0 0.0162284610
-14.0 -36.0 0.0162463540
-14.0 -34.0 0.0162641529
-14.0 -32.0 0.0162818571
-14.0 -30.0 0.0162994659
-14.0 -28.0 0.0163169787
-14.0 -26.0 0.0163343948
-14.0 -24.0 0.0163517135
-14.0 -22.0 0.0163689342
-14.0 -20.0 0.0163860563
-14.0 -18.0 0.0164030791
-14.0 -16.0 0.0164200019
-14.0 -14.0 0.0164368241
-14.0 -12.0 0.0164535451
-14.0 -10.0 0.0164701642
-14.0 -8.0 0.0164866809
-14.0 -6.0 0.0165030944
-14.0 -4.0 0.0165194042
-14.0 -2.0 0.0165356096
-14.0 0.0 0.0165517100
-14.0 2.0 0.0165677048
-14.0 4.0 0.0165835934
-14.0 6.0 0.0165993752
-14.0 8.0 0.0166150496
-14.0 10.0 0.0166306159
-14.0 12.0 0.0166460736
-14.0 14.0 0.0166614221
-14.0 16.0 0.0166766608
-14.0 18.0 0.0166917891
-14.0 20.0 0.0167068064
-14.0 22.0 0.0167217122
-14.0 24.0 0.0167365058
-14.0 26.0 0.0167511868
-14.0 28.0 0.0167657544
-14.0 30.0 0.0167802083
-14.0 32.0 0.0167945478
-14.0 34.0 0.0168087723
-14.0 36.0 0.0168228813
-14.0 38.0 0.0168368743
-14.0 40.0 0.0168507508
-14.0 42.0 0.0168645101
-14.0 44.0 0.0168781518
-14.0 46.0 0.0168916754
-14.0 48.0 0.0169050802
-14.0 50.0 0.0169183659
-12.0 -50.0 0.0161358019
-12.0 -48.0 0.0161542516
-12.0 -46.0 0.0161726110
-12.0 -44.0 0.0161908796
-12.0 -42.0 0.0162090566
-12.0 -40.0 0.0162271413
-12.0 -38.0 0.0162451331
-12.0 -36.0 0.0162630314
-12.0 -34.0 0.0162808353
-12.0 -32.0 0.0162985443
-12.0 -30.0 0.0163161577
-12.0 -28.0 0.0163336749
-12.0 -26.0 0.0163510952
-12.0 -24.0 0.0163684178
-12.0 -22.0 0.0163856423
-12.0 -20.0 0.0164027679
-12.0 -18.0 0.0164197940
-12.0 -16.0 0.0164367199
-12.0 -14.0 0.0164535451
-12.0 -12.0 0.0164702688
-12.0 -10.0 0.0164868904
-12.0 -8.0 0.0165034093
-12.0 -6.0 0.0165198249
-12.0 -4.0 0.0165361366
-12.0 -2.0 0.0165523436
-12.0 0.0 0.0165684455
-12.0 2.0 0.0165844415
-12.0 4.0 0.0166003311
-12.0 6.0 0.0166161137
-12.0 8.0 0.0166317887
-12.0 10.0 0.0166473554
-12.0 12.0 0.0166628133
-12.0 14.0 0.0166781617
-12.0 16.0 0.0166934001
-12.0 18.0 0.0167085280
-12.0 20.0 0.0167235446
-12.0 22.0 0.0167384495
-12.0 24.0 0.0167532420
-12.0 26.0 0.0167679216
-12.0 28.0 0.0167824877
-12.0 30.0 0.0167969398
-12.0 32.0 0.0168112774
-12.0 34.0 0.0168254997
-12.0 36.0 0.0168396064
-12.0 38.0 0.0168535968
-12.0 40.0 0.0168674704
-12.0 42.0 0.0168812268
-12.0 44.0 0.0168948652
-12.0 46.0 0.0169083854
-12.0 48.0 0.0169217866
-12.0 50.0 0.0169350684
-10.0 -50.0 0.0161523404
-10.0 -48.0 0.0161707964
-10.0 -46.0 0.0161891619
-10.0 -44.0 0.0162074363
-10.0 -42.0 0.0162256189
-10.0 -40.0 0.0162437090
-10.0 -38.0 0.0162617061
-10.0 -36.0 0.0162796093
-10.0 -34.0 0.0162974180
-10.0 -32.0 0.0163151316
-10.0 -30.0 0.0163327494
-10.0 -28.0 0.0163502707
-10.0 -26.0 0.0163676949
-10.0 -24.0 0.0163850214
-10.0 -22.0 0.0164022494
-10.0 -20.0 0.0164193783
-10.0 -18.0 0.0164364075
-10.0 -16.0 0.0164533364
-10.0 -14.0 0.0164701642
-10.0 -12.0 0.0164868904
-10.0 -10.0 0.0165035143
-10.0 -8.0 0.0165200353
-10.0 -6.0 0.0165364528
-10.0 -4.0 0.0165527660
-10.0 -2.0 0.0165689745
-10.0 0.0 0.0165850776
-10.0 2.0 0.0166010747
-10.0 4.0 0.0166169651
-10.0 6.0 0.0166327483
-10.0 8.0 0.0166484236
-10.0 10.0 0.0166639905
-10.0 12.0 0.0166794484
-10.0 14.0 0.0166947966
-10.0 16.0 0.0167100345
-10.0 18.0 0.0167251617
-10.0 20.0 0.0167401774
-10.0 22.0 0.0167550812
-10.0 24.0 0.0167698724
-10.0 26.0 0.0167845506
-10.0 28.0 0.0167991150
-10.0 30.0 0.0168135651
-10.0 32.0 0.0168279005
-10.0 34.0 0.0168421205
-10.0 36.0 0.0168562246
-10.0 38.0 0.0168702123
-10.0 40.0 0.0168840829
-10.0 42.0 0.0168978361
-10.0 44.0 0.0169114712
-10.0 46.0 0.0169249876
-10.0 48.0 0.0169383850
-10.0 50.0 0.0169516628
-8.0 -50.0 0.0161687805
-8.0 -48.0 0.0161872425
-8.0 -46.0 0.0162056138
-8.0 -44.0 0.0162238938
-8.0 -42.0 0.0162420818
-8.0 -40.0 0.0162601771
-8.0 -38.0 0.0162781791
-8.0 -36.0 0.0162960871
-8.0 -34.0 0.0163139004
-8.0 -32.0 0.0163316183
-8.0 -30.0 0.0163492403
-8.0 -28.0 0.0163667656
-8.0 -26.0 0.0163841935
-8.0 -24.0 0.0164015235
-8.0 -22.0 0.0164187548
-8.0 -20.0 0.0164358869
-8.0 -18.0 0.0164529190
-8.0 -16.0 0.0164698505
-8.0 -14.0 0.0164866809
-8.0 -12.0 0.0165034093
-8.0 -10.0 0.0165200353
-8.0 -8.0 0.0165365582
-8.0 -6.0 0.0165529773
-8.0 -4.0 0.0165692920
-8.0 -2.0 0.0165855017
-8.0 0.0 0.0166016058
-8.0 2.0 0.0166176037
-8.0 4.0 0.0166334948
-8.0 6.0 0.0166492783
-8.0 8.0 0.0166649539
-8.0 10.0 0.0166805207
-8.0 12.0 0.0166959783
-8.0 14.0 0.0167113261
-8.0 16.0 0.0167265634
-8.0 18.0 0.0167416897
-8.0 20.0 0.0167567044
-8.0 22.0 0.0167716069
-8.0 24.0 0.0167863966
-8.0 26.0 0.0168010730
-8.0 28.0 0.0168156355
-8.0 30.0 0.0168300836
-8.0 32.0 0.0168444166
-8.0 34.0 0.0168586341
-8.0 36.0 0.0168727354
-8.0 38.0 0.0168867201
-8.0 40.0 0.0169005876
-8.0 42.0 0.0169143374
-8.0 44.0 0.0169279689
-8.0 46.0 0.0169414816
-8.0 48.0 0.0169548750
-8.0 50.0 0.0169681486
-6.0 -50.0 0.0161851214
-6.0 -48.0 0.0162035891
-6.0 -46.0 0.0162219660
-6.0 -44.0 0.0162402514
-6.0 -42.0 0.0162584446
-6.0 -40.0 0.0162765449
-6.0 -38.0 0.0162945516
-6.0 -36.0 0.0163124642
-6.0 -34.0 0.0163302818
-6.0 -32.0 0.0163480039
-6.0 -30.0 0.0163656298
-6.0 -28.0 0.0163831588
-6.0 -26.0 0.0164005903
-6.0 -24.0 0.0164179236
-6.0 -22.0 0.0164351580
-6.0 -20.0 0.0164522929
-6.0 -18.0 0.0164693278
-6.0 -16.0 0.0164862618
-6.0 -14.0 0.0165030944
-6.0 -12.0 0.0165198249
-6.0 -10.0 0.0165364528
-6.0 -8.0 0.0165529773
-6.0 -6.0 0.0165693978
-6.0 -4.0 0.0165857138
-6.0 -2.0 0.0166019245
-6.0 0.0 0.0166180295
-6.0 2.0 0.0166340280
-6.0 4.0 0.0166499194
-6.0 6.0 0.0166657032
-6.0 8.0 0.0166813787
-6.0 10.0 0.0166969453
-6.0 12.0 0.0167124025
-6.0 14.0 0.0167277496
-6.0 16.0 0.0167429861
-6.0 18.0 0.0167581113
-6.0 20.0 0.0167731247
-6.0 22.0 0.0167880258
-6.0 24.0 0.0168028138
-6.0 26.0 0.0168174883
-6.0 28.0 0.0168320487
-6.0 30.0 0.0168464945
-6.0 32.0 0.0168608250
-6.0 34.0 0.0168750398
-6.0 36.0 0.0168891382
-6.0 38.0 0.0169031198
-6.0 40.0 0.0169169839
-6.0 42.0 0.0169307301
-6.0 44.0 0.0169443579
-6.0 46.0 0.0169578666
-6.0 48.0 0.0169712558
-6.0 50.0 0.0169845250
-4.0 -50.0 0.0162013626
-4.0 -48.0 0.0162198358
-4.0 -46.0 0.0162382181
-4.0 -44.0 0.0162565086
-4.0 -42.0 0.0162747067
-4.0 -40.0 0.0162928117
-4.0 -38.0 0.0163108230
-4.0 -36.0 0.0163287399
-4.0 -34.0 0.0163465617
-4.0 -32.0 0.0163642877
-4.0 -30.0 0.0163819173
-4.0 -28.0 0.0163994498
-4.0 -26.0 0.0164168846
-4.0 -24.0 0.0164342209
-4.0 -22.0 0.0164514583
-4.0 -20.0 0.0164685959
-4.0 -18.0 0.0164856332
-4.0 -16.0 0.0165025695
-4.0 -14.0 0.0165194042
-4.0 -12.0 0.0165361366
-4.0 -10.0 0.0165527660
-4.0 -8.0 0.0165692920
-4.0 -6.0 0.0165857138
-4.0 -4.0 0.0166020308
-4.0 -2.0 0.0166182424
-4.0 0.0 0.0166343479
-4.0 2.0 0.0166503468
-4.0 4.0 0.0166662384
-4.0 6.0 0.0166820222
-4.0 8.0 0.0166976975
-4.0 10.0 0.0167132637
-4.0 12.0 0.0167287203
-4.0 14.0 0.0167440665
-4.0 16.0 0.0167593020
-4.0 18.0 0.0167744259
-4.0 20.0 0.0167894379
-4.0 22.0 0.0168043373
-4.0 24.0 0.0168191234
-4.0 26.0 0.0168337959
-4.0 28.0 0.0168483540
-4.0 30.0 0.0168627973
-4.0 32.0 0.0168771251
-4.0 34.0 0.0168913369
-4.0 36.0 0.0169054323
-4.0 38.0 0.0169194105
-4.0 40.0 0.0169332711
-4.0 42.0 0.0169470136
-4.0 44.0 0.0169606374
-4.0 46.0 0.0169741420
-4.0 48.0 0.0169875269
-4.0 50.0 0.0170007916
-2.0 -50.0 0.0162175033
-2.0 -48.0 0.0162359819
-2.0 -46.0 0.0162543693
-2.0 -44.0 0.0162726647
-2.0 -42.0 0.0162908675
-2.0 -40.0 0.0163089771
-2.0 -38.0 0.0163269927
-2.0 -36.0 0.0163449137
-2.0 -34.0 0.0163627393
-2.0 -32.0 0.0163804690
-2.0 -30.0 0.0163981021
-2.0 -28.0 0.0164156379
-2.0 -26.0 0.0164330758
-2.0 -24.0 0.0164504150
-2.0 -22.0 0.0164676551
-2.0 -20.0 0.0164847952
-2.0 -18.0 0.0165018347
-2.0 -16.0 0.0165187731
-2.0 -14.0 0.0165356096
-2.0 -12.0 0.0165523436
-2.0 -10.0 0.0165689745
-2.0 -8.0 0.0165855017
-2.0 -6.0 0.0166019245
-2.0 -4.0 0.0166182424
-2.0 -2.0 0.0166344546
-2.0 0.0 0.0166505605
-2.0 2.0 0.0166665596
-2.0 4.0 0.0166824512
-2.0 6.0 0.0166982348
-2.0 8.0 0.0167139097
-2.0 10.0 0.0167294753
-2.0 12.0 0.0167449310
-2.0 14.0 0.0167602762
-2.0 16.0 0.0167755104
-2.0 18.0 0.0167906330
-2.0 20.0 0.0168056433
-2.0 22.0 0.0168205408
-2.0 24.0 0.0168353249
-2.0 26.0 0.0168499951
-2.0 28.0 0.0168645507
-2.0 30.0 0.0168789913
-2.0 32.0 0.0168933162
-2.0 34.0 0.0169075250
-2.0 36.0 0.0169216170
-2.0 38.0 0.0169355918
-2.0 40.0 0.0169494487
-2.0 42.0 0.0169631873
-2.0 44.0 0.0169768070
-2.0 46.0 0.0169903073
-2.0 48.0 0.0170036876
-2.0 50.0 0.0170169476
0.0 -50.0 0.0162335431
0.0 -48.0 0.0162520268
0.0 -46.0 0.0162704190
0.0 -44.0 0.0162887191
0.0 -42.0 0.0163069265
0.0 -40.0 0.0163250403
0.0 -38.0 0.0163430600
0.0 -36.0 0.0163609848
0.0 -34.0 0.0163788142
0.0 -32.0 0.0163965474
0.0 -30.0 0.0164141837
0.0 -28.0 0.0164317226
0.0 -26.0 0.0164491633
0.0 -24.0 0.0164665052
0.0 -22.0 0.0164837477
0.0 -20.0 0.0165008900
0.0 -18.0 0.0165179316
0.0 -16.0 0.0165348718
0.0 -14.0 0.0165517100
0.0 -12.0 0.0165684455
0.0 -10.0 0.0165850776
0.0 -8.0 0.0166016058
0.0 -6.0 0.0166180295
0.0 -4.0 0.0166343479
0.0 -2.0 0.0166505605
0.0 0.0 0.0166666667
0.0 2.0 0.0166826658
0.0 4.0 0.0166985572
0.0 6.0 0.0167143403
0.0 8.0 0.0167300146
0.0 10.0 0.0167455794
0.0 12.0 0.0167610341
0.0 14.0 0.0167763781
0.0 16.0 0.0167916108
0.0 18.0 0.0168067317
0.0 20.0 0.0168217402
0.0 22.0 0.0168366357
0.0 24.0 0.0168514175
0.0 26.0 0.0168660852
0.0 28.0 0.0168806382
0.0 30.0 0.0168950760
0.0 32.0 0.0169093978
0.0 34.0 0.0169236033
0.0 36.0 0.0169376919
0.0 38.0 0.0169516629
0.0 40.0 0.0169655160
0.0 42.0 0.0169792505
0.0 44.0 0.0169928659
0.0 46.0 0.0170063617
0.0 48.0 0.0170197374
0.0 50.0 0.0170329924
2.0 -50.0 0.0162494812
2.0 -48.0 0.0162679698
2.0 -46.0 0.0162863667
2.0 -44.0 0.0163046713
2.0 -42.0 0.0163228829
2.0 -40.0 0.0163410008
2.0 -38.0 0.0163590243
2.0 -36.0 0.0163769528
2.0 -34.0 0.0163947856
2.0 -32.0 0.0164125220
2.0 -30.0 0.0164301615
2.0 -28.0 0.0164477032
2.0 -26.0 0.0164651465
2.0 -24.0 0.0164824909
2.0 -22.0 0.0164997356
2.0 -20.0 0.0165168800
2.0 -18.0 0.0165339234
2.0 -16.0 0.0165508652
2.0 -14.0 0.0165677048
2.0 -12.0 0.0165844415
2.0 -10.0 0.0166010747
2.0 -8.0 0.0166176037
2.0 -6.0 0.0166340280
2.0 -4.0 0.0166503468
2.0 -2.0 0.0166665596
2.0 0.0 0.0166826658
2.0 2.0 0.0166986647
2.0 4.0 0.0167145557
2.0 6.0 0.0167303382
2.0 8.0 0.0167460117
2.0 10.0 0.0167615754
2.0 12.0 0.0167770289
2.0 14.0 0.0167923715
2.0 16.0 0.0168076026
2.0 18.0 0.0168227217
2.0 20.0 0.0168377281
2.0 22.0 0.0168526213
2.0 24.0 0.0168674007
2.0 26.0 0.0168820658
2.0 28.0 0.0168966160
2.0 30.0 0.0169110506
2.0 32.0 0.0169253692
2.0 34.0 0.0169395713
2.0 36.0 0.0169536562
2.0 38.0 0.0169676234
2.0 40.0 0.0169814724
2.0 42.0 0.0169952026
2.0 44.0 0.0170088136
2.0 46.0 0.0170223047
2.0 48.0 0.0170356755
2.0 50.0 0.0170489255
4.0 -50.0 0.0162653171
4.0 -48.0 0.0162838103
4.0 -46.0 0.0163022117
4.0 -44.0 0.0163205205
4.0 -42.0 0.0163387361
4.0 -40.0 0.0163568578
4.0 -38.0 0.0163748850
4.0 -36.0 0.0163928170
4.0 -34.0 0.0164106530
4.0 -32.0 0.0164283925
4.0 -30.0 0.0164460347
4.0 -28.0 0.0164635790
4.0 -26.0 0.0164810248
4.0 -24.0 0.0164983714
4.0 -22.0 0.0165156181
4.0 -20.0 0.0165327644
4.0 -18.0 0.0165498094
4.0 -16.0 0.0165667526
4.0 -14.0 0.0165835934
4.0 -12.0 0.0166003311
4.0 -10.0 0.0166169651
4.0 -8.0 0.0166334948
4.0 -6.0 0.0166499194
4.0 -4.0 0.0166662384
4.0 -2.0 0.0166824512
4.0 0.0 0.0166985572
4.0 2.0 0.0167145557
4.0 4.0 0.0167304461
4.0 6.0 0.0167462278
4.0 8.0 0.0167619002
4.0 10.0 0.0167774628
4.0 12.0 0.0167929148
4.0 14.0 0.0168082558
4.0 16.0 0.0168234851
4.0 18.0 0.0168386021
4.0 20.0 0.0168536063
4.0 22.0 0.0168684971
4.0 24.0 0.0168832739
4.0 26.0 0.0168979362
4.0 28.0 0.0169124833
4.0 30.0 0.0169269147
4.0 32.0 0.0169412299
4.0 34.0 0.0169554283
4.0 36.0 0.0169695093
4.0 38.0 0.0169834725
4.0 40.0 0.0169973172
4.0 42.0 0.0170110430
4.0 44.0 0.0170246494
4.0 46.0 0.0170381356
4.0 48.0 0.0170515014
4.0 50.0 0.0170647461
6.0 -50.0 0.0162810502
6.0 -48.0 0.0162995478
6.0 -46.0 0.0163179534
6.0 -44.0 0.0163362662
6.0 -42.0 0.0163544856
6.0 -40.0 0.0163726110
6.0 -38.0 0.0163906415
6.0 -36.0 0.0164085767
6.0 -34.0 0.0164264157
6.0 -32.0 0.0164441580
6.0 -30.0 0.0164618029
6.0 -28.0 0.0164793496
6.0 -26.0 0.0164967976
6.0 -24.0 0.0165141462
6.0 -22.0 0.0165313947
6.0 -20.0 0.0165485425
6.0 -18.0 0.0165655890
6.0 -16.0 0.0165825334
6.0 -14.0 0.0165993752
6.0 -12.0 0.0166161137
6.0 -10.0 0.0166327483
6.0 -8.0 0.0166492783
6.0 -6.0 0.0166657032
6.0 -4.0 0.0166820222
6.0 -2.0 0.0166982348
6.0 0.0 0.0167143403
6.0 2.0 0.0167303382
6.0 4.0 0.0167462278
6.0 6.0 0.0167620085
6.0 8.0 0.0167776797
6.0 10.0 0.0167932409
6.0 12.0 0.0168086913
6.0 14.0 0.0168240304
6.0 16.0 0.0168392577
6.0 18.0 0.0168543725
6.0 20.0 0.0168693743
6.0 22.0 0.0168842625
6.0 24.0 0.0168990365
6.0 26.0 0.0169136957
6.0 28.0 0.0169282396
6.0 30.0 0.0169426676
6.0 32.0 0.0169569791
6.0 34.0 0.0169711737
6.0 36.0 0.0169852507
6.0 38.0 0.0169992097
6.0 40.0 0.0170130500
6.0 42.0 0.0170267712
6.0 44.0 0.0170403727
6.0 46.0 0.0170538540
6.0 48.0 0.0170672145
6.0 50.0 0.0170804538
8.0 -50.0 0.0162966799
8.0 -48.0 0.0163151817
8.0 -46.0 0.0163335912
8.0 -44.0 0.0163519078
8.0 -42.0 0.0163701308
8.0 -40.0 0.0163882595
8.0 -38.0 0.0164062933
8.0 -36.0 0.0164242314
8.0 -34.0 0.0164420732
8.0 -32.0 0.0164598181
8.0 -30.0 0.0164774653
8.0 -28.0 0.0164950143
8.0 -26.0 0.0165124643
8.0 -24.0 0.0165298146
8.0 -22.0 0.0165470647
8.0 -20.0 0.0165642139
8.0 -18.0 0.0165812616
8.0 -16.0 0.0165982070
8.0 -14.0 0.0166150496
8.0 -12.0 0.0166317887
8.0 -10.0 0.0166484236
8.0 -8.0 0.0166649539
8.0 -6.0 0.0166813787
8.0 -4.0 0.0166976975
8.0 -2.0 0.0167139097
8.0 0.0 0.0167300146
8.0 2.0 0.0167460117
8.0 4.0 0.0167619002
8.0 6.0 0.0167776797
8.0 8.0 0.0167933495
8.0 10.0 0.0168089091
8.0 12.0 0.0168243577
8.0 14.0 0.0168396948
8.0 16.0 0.0168549199
8.0 18.0 0.0168700323
8.0 20.0 0.0168850314
8.0 22.0 0.0168999168
8.0 24.0 0.0169146877
8.0 26.0 0.0169293437
8.0 28.0 0.0169438842
8.0 30.0 0.0169583086
8.0 32.0 0.0169726164
8.0 34.0 0.0169868069
8.0 36.0 0.0170008798
8.0 38.0 0.0170148343
8.0 40.0 0.0170286701
8.0 42.0 0.0170423864
8.0 44.0 0.0170559829
8.0 46.0 0.0170694590
8.0 48.0 0.0170828142
8.0 50.0 0.0170960480
10.0 -50.0 0.0163122055
10.0 -48.0 0.0163307112
10.0 -46.0 0.0163491245
10.0 -44.0 0.0163674447
10.0 -42.0 0.0163856710
10.0 -40.0 0.0164038029
10.0 -38.0 0.0164218396
10.0 -36.0 0.0164397805
10.0 -34.0 0.0164576249
10.0 -32.0 0.0164753721
10.0 -30.0 0.0164930215
10.0 -28.0 0.0165105724
10.0 -26.0 0.0165280242
10.0 -24.0 0.0165453761
10.0 -22.0 0.0165626276
10.0 -20.0 0.0165797780
10.0 -18.0 0.0165968266
10.0 -16.0 0.0166137728
10.0 -14.0 0.0166306159
10.0 -12.0 0.0166473554
10.0 -10.0 0.0166639905
10.0 -8.0 0.0166805207
10.0 -6.0 0.0166969453
10.0 -4.0 0.0167132637
10.0 -2.0 0.0167294753
10.0 0.0 0.0167455794
10.0 2.0 0.0167615754
10.0 4.0 0.0167774628
10.0 6.0 0.0167932409
10.0 8.0 0.0168089091
10.0 10.0 0.0168244667
10.0 12.0 0.0168399133
10.0 14.0 0.0168552483
10.0 16.0 0.0168704709
10.0 18.0 0.0168855807
10.0 20.0 0.0169005771
10.0 22.0 0.0169154594
10.0 24.0 0.0169302272
10.0 26.0 0.0169448798
10.0 28.0 0.0169594167
10.0 30.0 0.0169738373
10.0 32.0 0.0169881410
10.0 34.0 0.0170023274
10.0 36.0 0.0170163959
10.0 38.0 0.0170303458
10.0 40.0 0.0170441768
10.0 42.0 0.0170578882
10.0 44.0 0.0170714795
10.0 46.0 0.0170849503
10.0 48.0 0.0170982999
10.0 50.0 0.0171115279
12.0 -50.0 0.0163276265
12.0 -48.0 0.0163461360
12.0 -46.0 0.0163645528
12.0 -44.0 0.0163828762
12.0 -42.0 0.0164011057
12.0 -40.0 0.0164192405
12.0 -38.0 0.0164372800
12.0 -36.0 0.0164552234
12.0 -34.0 0.0164730701
12.0 -32.0 0.0164908195
12.0 -30.0 0.0165084708
12.0 -28.0 0.0165260235
12.0 -26.0 0.0165434768
12.0 -24.0 0.0165608300
12.0 -22.0 0.0165780827
12.0 -20.0 0.0165952340
12.0 -18.0 0.0166122834
12.0 -16.0 0.0166292301
12.0 -14.0 0.0166460736
12.0 -12.0 0.0166628133
12.0 -10.0 0.0166794484
12.0 -8.0 0.0166959783
12.0 -6.0 0.0167124025
12.0 -4.0 0.0167287203
12.0 -2.0 0.0167449310
12.0 0.0 0.0167610341
12.0 2.0 0.0167770289
12.0 4.0 0.0167929148
12.0 6.0 0.0168086913
12.0 8.0 0.0168243577
12.0 10.0 0.0168399133
12.0 12.0 0.0168553577
12.0 14.0 0.0168706903
12.0 16.0 0.0168859103
12.0 18.0 0.0169010173
12.0 20.0 0.0169160107
12.0 22.0 0.0169308898
12.0 24.0 0.0169456542
12.0 26.0 0.0169603032
12.0 28.0 0.0169748363
12.0 30.0 0.0169892529
12.0 32.0 0.0170035525
12.0 34.0 0.0170177345
12.0 36.0 0.0170317984
12.0 38.0 0.0170457436
12.0 40.0 0.0170595696
12.0 42.0 0.0170732759
12.0 44.0 0.0170868619
12.0 46.0 0.0171003271
12.0 48.0 0.0171136710
12.0 50.0 0.0171268930
14.0 -50.0 0.0163429423
14.0 -48.0 0.0163614553
14.0 -46.0 0.0163798753
14.0 -44.0 0.0163982019
14.0 -42.0 0.0164164343
14.0 -40.0 0.0164345718
14.0 -38.0 0.0164526137
14.0 -36.0 0.0164705594
14.0 -34.0 0.0164884083
14.0 -32.0 0.0165061596
14.0 -30.0 0.0165238126
14.0 -28.0 0.0165413668
14.0 -26.0 0.0165588214
14.0 -24.0 0.0165761758
14.0 -22.0 0.0165934294
14.0 -20.0 0.0166105815
14.0 -18.0 0.0166276314
14.0 -16.0 0.0166445785
14.0 -14.0 0.0166614221
14.0 -12.0 0.0166781617
14.0 -10.0 0.0166947966
14.0 -8.0 0.0167113261
14.0 -6.0 0.0167277496
14.0 -4.0 0.0167440665
14.0 -2.0 0.0167602762
14.0 0.0 0.0167763781
14.0 2.0 0.0167923715
14.0 4.0 0.0168082558
14.0 6.0 0.0168240304
14.0 8.0 0.0168396948
14.0 10.0 0.0168552483
14.0 12.0 0.0168706903
14.0 14.0 0.0168860202
14.0 16.0 0.0169012374
14.0 18.0 0.0169163414
14.0 20.0 0.0169313316
14.0 22.0 0.0169462074
14.0 24.0 0.0169609682
14.0 26.0 0.0169756134
14.0 28.0 0.0169901425
14.0 30.0 0.0170045550
14.0 32.0 0.0170188502
14.0 34.0 0.0170330277
14.0 36.0 0.0170470868
14.0 38.0 0.0170610271
14.0 40.0 0.0170748480
14.0 42.0 0.0170885489
14.0 44.0 0.0171021294
14.0 46.0 0.0171155889
14.0 48.0 0.0171289269
14.0 50.0 0.0171421428
16.0 -50.0 0.0163581523
16.0 -48.0 0.0163766685
16.0 -46.0 0.0163950916
16.0 -44.0 0.0164134211
16.0 -42.0 0.0164316561
16.0 -40.0 0.0164497961
16.0 -38.0 0.0164678403
16.0 -36.0 0.0164857881
16.0 -34.0 0.0165036388
16.0 -32.0 0.0165213918
16.0 -30.0 0.0165390464
16.0 -28.0 0.0165566018
16.0 -26.0 0.0165740576
16.0 -24.0 0.0165914129
16.0 -22.0 0.0166086672
16.0 -20.0 0.0166258198
16.0 -18.0 0.0166428700
16.0 -16.0 0.0166598172
16.0 -14.0 0.0166766608
16.0 -12.0 0.0166934001
16.0 -10.0 0.0167100345
16.0 -8.0 0.0167265634
16.0 -6.0 0.0167429861
16.0 -4.0 0.0167593020
16.0 -2.0 0.0167755104
16.0 0.0 0.0167916108
16.0 2.0 0.0168076026
16.0 4.0 0.0168234851
16.0 6.0 0.0168392577
16.0 8.0 0.0168549199
16.0 10.0 0.0168704709
16.0 12.0 0.0168859103
16.0 14.0 0.0169012374
16.0 16.0 0.0169164517
16.0 18.0 0.0169315525
16.0 20.0 0.0169465393
16.0 22.0 0.0169614115
16.0 24.0 0.0169761685
16.0 26.0 0.0169908098
16.0 28.0 0.0170053348
16.0 30.0 0.0170197429
16.0 32.0 0.0170340336
16.0 34.0 0.0170482063
16.0 36.0 0.0170622605
16.0 38.0 0.0170761957
16.0 40.0 0.0170900112
16.0 42.0 0.0171037067
16.0 44.0 0.0171172814
16.0 46.0 0.0171307350
16.0 48.0 0.0171440670
16.0 50.0 0.0171572767
18.0 -50.0 0.0163732559
18.0 -48.0 0.0163917751
18.0 -46.0 0.0164102011
18.0 -44.0 0.0164285332
18.0 -42.0 0.0164467706
18.0 -40.0 0.0164649128
18.0 -38.0 0.0164829591
18.0 -36.0 0.0165009088
18.0 -34.0 0.0165187612
18.0 -32.0 0.0165365156
18.0 -30.0 0.0165541715
18.0 -28.0 0.0165717280
18.0 -26.0 0.0165891846
18.0 -24.0 0.0166065406
18.0 -22.0 0.0166237954
18.0 -20.0 0.0166409483
18.0 -18.0 0.0166579987
18.0 -16.0 0.0166749458
18.0 -14.0 0.0166917891
18.0 -12.0 0.0167085280
18.0 -10.0 0.0167251617
18.0 -8.0 0.0167416897
18.0 -6.0 0.0167581113
18.0 -4.0 0.0167744259
18.0 -2.0 0.0167906330
18.0 0.0 0.0168067317
18.0 2.0 0.0168227217
18.0 4.0 0.0168386021
18.0 6.0 0.0168543725
18.0 8.0 0.0168700323
18.0 10.0 0.0168855807
18.0 12.0 0.0169010173
18.0 14.0 0.0169163414
18.0 16.0 0.0169315525
18.0 18.0 0.0169466499
18.0 20.0 0.0169616331
18.0 22.0 0.0169765016
18.0 24.0 0.0169912546
18.0 26.0 0.0170058918
18.0 28.0 0.0170204124
18.0 30.0 0.0170348160
18.0 32.0 0.0170491019
18.0 34.0 0.0170632698
18.0 36.0 0.0170773189
18.0 38.0 0.0170912487
18.0 40.0 0.0171050588
18.0 42.0 0.0171187486
18.0 44.0 0.0171323175
18.0 46.0 0.0171457650
18.0 48.0 0.0171590907
18.0 50.0 0.0171722940
20.0 -50.0 0.0163882526
20.0 -48.0 0.0164067746
20.0 -46.0 0.0164252031
20.0 -44.0 0.0164435376
20.0 -42.0 0.0164617773
20.0 -40.0 0.0164799215
20.0 -38.0 0.0164979696
20.0 -36.0 0.0165159209
20.0 -34.0 0.0165337747
20.0 -32.0 0.0165515304
20.0 -30.0 0.0165691873
20.0 -28.0 0.0165867447
20.0 -26.0 0.0166042020
20.0 -24.0 0.0166215585
20.0 -22.0 0.0166388136
20.0 -20.0 0.0166559665
20.0 -18.0 0.0166730168
20.0 -16.0 0.0166899636
20.0 -14.0 0.0167068064
20.0 -12.0 0.0167235446
20.0 -10.0 0.0167401774
20.0 -8.0 0.0167567044
20.0 -6.0 0.0167731247
20.0 -4.0 0.0167894379
20.0 -2.0 0.0168056433
20.0 0.0 0.0168217402
20.0 2.0 0.0168377281
20.0 4.0 0.0168536063
20.0 6.0 0.0168693743
20.0 8.0 0.0168850314
20.0 10.0 0.0169005771
20.0 12.0 0.0169160107
20.0 14.0 0.0169313316
20.0 16.0 0.0169465393
20.0 18.0 0.0169616331
20.0 20.0 0.0169766126
20.0 22.0 0.0169914771
20.0 24.0 0.0170062260
20.0 26.0 0.0170208588
20.0 28.0 0.0170353749
20.0 30.0 0.0170497738
20.0 32.0 0.0170640548
20.0 34.0 0.0170782175
20.0 36.0 0.0170922614
20.0 38.0 0.0171061857
20.0 40.0 0.0171199901
20.0 42.0 0.0171336741
20.0 44.0 0.0171472369
20.0 46.0 0.0171606783
20.0 48.0 0.0171739975
20.0 50.0 0.0171871942
22.0 -50.0 0.0164031417
22.0 -48.0 0.0164216662
22.0 -46.0 0.0164400971
22.0 -44.0 0.0164584338
22.0 -42.0 0.0164766754
22.0 -40.0 0.0164948215
22.0 -38.0 0.0165128712
22.0 -36.0 0.0165308239
22.0 -34.0 0.0165486789
22.0 -32.0 0.0165664356
22.0 -30.0 0.0165840933
22.0 -28.0 0.0166016514
22.0 -26.0 0.0166191091
22.0 -24.0 0.0166364659
22.0 -22.0 0.0166537210
22.0 -20.0 0.0166708738
22.0 -18.0 0.0166879237
22.0 -16.0 0.0167048701
22.0 -14.0 0.0167217122
22.0 -12.0 0.0167384495
22.0 -10.0 0.0167550812
22.0 -8.0 0.0167716069
22.0 -6.0 0.0167880258
22.0 -4.0 0.0168043373
22.0 -2.0 0.0168205408
22.0 0.0 0.0168366357
22.0 2.0 0.0168526213
22.0 4.0 0.0168684971
22.0 6.0 0.0168842625
22.0 8.0 0.0168999168
22.0 10.0 0.0169154594
22.0 12.0 0.0169308898
22.0 14.0 0.0169462074
22.0 16.0 0.0169614115
22.0 18.0 0.0169765016
22.0 20.0 0.0169914771
22.0 22.0 0.0170063374
22.0 24.0 0.0170210820
22.0 26.0 0.0170357102
22.0 28.0 0.0170502216
22.0 30.0 0.0170646156
22.0 32.0 0.0170788916
22.0 34.0 0.0170930490
22.0 36.0 0.0171070874
22.0 38.0 0.0171210061
22.0 40.0 0.0171348047
22.0 42.0 0.0171484826
22.0 44.0 0.0171620392
22.0 46.0 0.0171754742
22.0 48.0 0.0171887868
22.0 50.0 0.0172019767
24.0 -50.0 0.0164179227
24.0 -48.0 0.0164364495
24.0 -46.0 0.0164548826
24.0 -44.0 0.0164732212
24.0 -42.0 0.0164914646
24.0 -40.0 0.0165096122
24.0 -38.0 0.0165276632
24.0 -36.0 0.0165456171
24.0 -34.0 0.0165634731
24.0 -32.0 0.0165812307
24.0 -30.0 0.0165988890
24.0 -28.0 0.0166164474
24.0 -26.0 0.0166339054
24.0 -24.0 0.0166512622
24.0 -22.0 0.0166685172
24.0 -20.0 0.0166856697
24.0 -18.0 0.0167027190
24.0 -16.0 0.0167196646
24.0 -14.0 0.0167365058
24.0 -12.0 0.0167532420
24.0 -10.0 0.0167698724
24.0 -8.0 0.0167863966
24.0 -6.0 0.0168028138
24.0 -4.0 0.0168191234
24.0 -2.0 0.0168353249
24.0 0.0 0.0168514175
24.0 2.0 0.0168674007
24.0 4.0 0.0168832739
24.0 6.0 0.0168990365
24.0 8.0 0.0169146877
24.0 10.0 0.0169302272
24.0 12.0 0.0169456542
24.0 14.0 0.0169609682
24.0 16.0 0.0169761685
24.0 18.0 0.0169912546
24.0 20.0 0.0170062260
24.0 22.0 0.0170210820
24.0 24.0 0.0170358220
24.0 26.0 0.0170504456
24.0 28.0 0.0170649521
24.0 30.0 0.0170793410
24.0 32.0 0.0170936117
24.0 34.0 0.0171077637
24.0 36.0 0.0171217964
24.0 38.0 0.0171357093
24.0 40.0 0.0171495018
24.0 42.0 0.0171631735
24.0 44.0 0.0171767238
24.0 46.0 0.0171901521
24.0 48.0 0.0172034581
24.0 50.0 0.0172166410
26.0 -50.0 0.0164325950
26.0 -48.0 0.0164511239
26.0 -46.0 0.0164695589
26.0 -44.0 0.0164878992
26.0 -42.0 0.0165061441
26.0 -40.0 0.0165242930
26.0 -38.0 0.0165423452
26.0 -36.0 0.0165603001
26.0 -34.0 0.0165781569
26.0 -32.0 0.0165959150
26.0 -30.0 0.0166135737
26.0 -28.0 0.0166311323
26.0 -26.0 0.0166485903
26.0 -24.0 0.0166659469
26.0 -22.0 0.0166832015
26.0 -20.0 0.0167003534
26.0 -18.0 0.0167174020
26.0 -16.0 0.0167343467
26.0 -14.0 0.0167511868
26.0 -12.0 0.0167679216
26.0 -10.0 0.0167845506
26.0 -8.0 0.0168010730
26.0 -6.0 0.0168174883
26.0 -4.0 0.0168337959
26.0 -2.0 0.0168499951
26.0 0.0 0.0168660852
26.0 2.0 0.0168820658
26.0 4.0 0.0168979362
26.0 6.0 0.0169136957
26.0 8.0 0.0169293437
26.0 10.0 0.0169448798
26.0 12.0 0.0169603032
26.0 14.0 0.0169756134
26.0 16.0 0.0169908098
26.0 18.0 0.0170058918
26.0 20.0 0.0170208588
26.0 22.0 0.0170357102
26.0 24.0 0.0170504456
26.0 26.0 0.0170650643
26.0 28.0 0.0170795657
26.0 30.0 0.0170939493
26.0 32.0 0.0171082145
26.0 34.0 0.0171223609
26.0 36.0 0.0171363878
26.0 38.0 0.0171502947
26.0 40.0 0.0171640810
26.0 42.0 0.0171777463
26.0 44.0 0.0171912900
26.0 46.0 0.0172047117
26.0 48.0 0.0172180106
26.0 50.0 0.0172311865
28.0 -50.0 0.0164471580
28.0 -48.0 0.0164656888
28.0 -46.0 0.0164841254
28.0 -44.0 0.0165024672
28.0 -42.0 0.0165207134
28.0 -40.0 0.0165388635
28.0 -38.0 0.0165569166
28.0 -36.0 0.0165748722
28.0 -34.0 0.0165927295
28.0 -32.0 0.0166104879
28.0 -30.0 0.0166281468
28.0 -28.0 0.0166457055
28.0 -26.0 0.0166631632
28.0 -24.0 0.0166805194
28.0 -22.0 0.0166977734
28.0 -20.0 0.0167149246
28.0 -18.0 0.0167319722
28.0 -16.0 0.0167489157
28.0 -14.0 0.0167657544
28.0 -12.0 0.0167824877
28.0 -10.0 0.0167991150
28.0 -8.0 0.0168156355
28.0 -6.0 0.0168320487
28.0 -4.0 0.0168483540
28.0 -2.0 0.0168645507
28.0 0.0 0.0168806382
28.0 2.0 0.0168966160
28.0 4.0 0.0169124833
28.0 6.0 0.0169282396
28.0 8.0 0.0169438842
28.0 10.0 0.0169594167
28.0 12.0 0.0169748363
28.0 14.0 0.0169901425
28.0 16.0 0.0170053348
28.0 18.0 0.0170204124
28.0 20.0 0.0170353749
28.0 22.0 0.0170502216
28.0 24.0 0.0170649521
28.0 26.0 0.0170795657
28.0 28.0 0.0170940618
28.0 30.0 0.0171084400
28.0 32.0 0.0171226996
28.0 34.0 0.0171368401
28.0 36.0 0.0171508610
28.0 38.0 0.0171647617
28.0 40.0 0.0171785417
28.0 42.0 0.0171922005
28.0 44.0 0.0172057375
28.0 46.0 0.0172191522
28.0 48.0 0.0172324440
28.0 50.0 0.0172456126
30.0 -50.0 0.0164616112
30.0 -48.0 0.0164801437
30.0 -46.0 0.0164985817
30.0 -44.0 0.0165169248
30.0 -42.0 0.0165351721
30.0 -40.0 0.0165533230
30.0 -38.0 0.0165713768
30.0 -36.0 0.0165893329
30.0 -34.0 0.0166071905
30.0 -32.0 0.0166249491
30.0 -30.0 0.0166426079
30.0 -28.0 0.0166601663
30.0 -26.0 0.0166776236
30.0 -24.0 0.0166949792
30.0 -22.0 0.0167122324
30.0 -20.0 0.0167293825
30.0 -18.0 0.0167464290
30.0 -16.0 0.0167633711
30.0 -14.0 0.0167802083
30.0 -12.0 0.0167969398
30.0 -10.0 0.0168135651
30.0 -8.0 0.0168300836
30.0 -6.0 0.0168464945
30.0 -4.0 0.0168627973
30.0 -2.0 0.0168789913
30.0 0.0 0.0168950760
30.0 2.0 0.0169110506
30.0 4.0 0.0169269147
30.0 6.0 0.0169426676
30.0 8.0 0.0169583086
30.0 10.0 0.0169738373
30.0 12.0 0.0169892529
30.0 14.0 0.0170045550
30.0 16.0 0.0170197429
30.0 18.0 0.0170348160
30.0 20.0 0.0170497738
30.0 22.0 0.0170646156
30.0 24.0 0.0170793410
30.0 26.0 0.0170939493
30.0 28.0 0.0171084400
30.0 30.0 0.0171228125
30.0 32.0 0.0171370663
30.0 34.0 0.0171512008
30.0 36.0 0.0171652155
30.0 38.0 0.0171791099
30.0 40.0 0.0171928833
30.0 42.0 0.0172065354
30.0 44.0 0.0172200655
30.0 46.0 0.0172334731
30.0 48.0 0.0172467577
30.0 50.0 0.0172599188
32.0 -50.0 0.0164759541
32.0 -48.0 0.0164944879
32.0 -46.0 0.0165129272
32.0 -44.0 0.0165312712
32.0 -42.0 0.0165495194
32.0 -40.0 0.0165676709
32.0 -38.0 0.0165857252
32.0 -36.0 0.0166036816
32.0 -34.0 0.0166215393
32.0 -32.0 0.0166392978
32.0 -30.0 0.0166569563
32.0 -28.0 0.0166745142
32.0 -26.0 0.0166919709
32.0 -24.0 0.0167093256
32.0 -22.0 0.0167265778
32.0 -20.0 0.0167437267
32.0 -18.0 0.0167607718
32.0 -16.0 0.0167777124
32.0 -14.0 0.0167945478
32.0 -12.0 0.0168112774
32.0 -10.0 0.0168279005
32.0 -8.0 0.0168444166
32.0 -6.0 0.0168608250
32.0 -4.0 0.0168771251
32.0 -2.0 0.0168933162
32.0 0.0 0.0169093978
32.0 2.0 0.0169253692
32.0 4.0 0.0169412299
32.0 6.0 0.0169569791
32.0 8.0 0.0169726164
32.0 10.0 0.0169881410
32.0 12.0 0.0170035525
32.0 14.0 0.0170188502
32.0 16.0 0.0170340336
32.0 18.0 0.0170491019
32.0 20.0 0.0170640548
32.0 22.0 0.0170788916
32.0 24.0 0.0170936117
32.0 26.0 0.0171082145
32.0 28.0 0.0171226996
32.0 30.0 0.0171370663
32.0 32.0 0.0171513141
32.0 34.0 0.0171654425
32.0 36.0 0.0171794508
32.0 38.0 0.0171933386
32.0 40.0 0.0172071053
32.0 42.0 0.0172207505
32.0 44.0 0.0172342735
32.0 46.0 0.0172476738
32.0 48.0 0.0172609510
32.0 50.0 0.0172741046
34.0 -50.0 0.0164901860
34.0 -48.0 0.0165087210
34.0 -46.0 0.0165271613
34.0 -44.0 0.0165455061
34.0 -42.0 0.0165637548
34.0 -40.0 0.0165819068
34.0 -38.0 0.0165999613
34.0 -36.0 0.0166179177
34.0 -34.0 0.0166357754
34.0 -32.0 0.0166535335
34.0 -30.0 0.0166711915
34.0 -28.0 0.0166887488
34.0 -26.0 0.0167062046
34.0 -24.0 0.0167235582
34.0 -22.0 0.0167408092
34.0 -20.0 0.0167579567
34.0 -18.0 0.0167750001
34.0 -16.0 0.0167919389
34.0 -14.0 0.0168087723
34.0 -12.0 0.0168254997
34.0 -10.0 0.0168421205
34.0 -8.0 0.0168586341
34.0 -6.0 0.0168750398
34.0 -4.0 0.0168913369
34.0 -2.0 0.0169075250
34.0 0.0 0.0169236033
34.0 2.0 0.0169395713
34.0 4.0 0.0169554283
34.0 6.0 0.0169711737
34.0 8.0 0.0169868069
34.0 10.0 0.0170023274
34.0 12.0 0.0170177345
34.0 14.0 0.0170330277
34.0 16.0 0.0170482063
34.0 18.0 0.0170632698
34.0 20.0 0.0170782175
34.0 22.0 0.0170930490
34.0 24.0 0.0171077637
34.0 26.0 0.0171223609
34.0 28.0 0.0171368401
34.0 30.0 0.0171512008
34.0 32.0 0.0171654425
34.0 34.0 0.0171795644
34.0 36.0 0.0171935663
34.0 38.0 0.0172074473
34.0 40.0 0.0172212072
34.0 42.0 0.0172348453
34.0 44.0 0.0172483610
34.0 46.0 0.0172617539
34.0 48.0 0.0172750235
34.0 50.0 0.0172881693
36.0 -50.0 0.0165043065
36.0 -48.0 0.0165228424
36.0 -46.0 0.0165412834
36.0 -44.0 0.0165596288
36.0 -42.0 0.0165778779
36.0 -40.0 0.0165960301
36.0 -38.0 0.0166140846
36.0 -36.0 0.0166320408
36.0 -34.0 0.0166498981
36.0 -32.0 0.0166676557
36.0 -30.0 0.0166853130
36.0 -28.0 0.0167028693
36.0 -26.0 0.0167203240
36.0 -24.0 0.0167376764
36.0 -22.0 0.0167549259
36.0 -20.0 0.0167720718
36.0 -18.0 0.0167891134
36.0 -16.0 0.0168060501
36.0 -14.0 0.0168228813
36.0 -12.0 0.0168396064
36.0 -10.0 0.0168562246
36.0 -8.0 0.0168727354
36.0 -6.0 0.0168891382
36.0 -4.0 0.0169054323
36.0 -2.0 0.0169216170
36.0 0.0 0.0169376919
36.0 2.0 0.0169536562
36.0 4.0 0.0169695093
36.0 6.0 0.0169852507
36.0 8.0 0.0170008798
36.0 10.0 0.0170163959
36.0 12.0 0.0170317984
36.0 14.0 0.0170470868
36.0 16.0 0.0170622605
36.0 18.0 0.0170773189
36.0 20.0 0.0170922614
36.0 22.0 0.0171070874
36.0 24.0 0.0171217964
36.0 26.0 0.0171363878
36.0 28.0 0.0171508610
36.0 30.0 0.0171652155
36.0 32.0 0.0171794508
36.0 34.0 0.0171935663
36.0 36.0 0.0172075614
36.0 38.0 0.0172214356
36.0 40.0 0.0172351883
36.0 42.0 0.0172488192
36.0 44.0 0.0172623275
36.0 46.0 0.0172757128
36.0 48.0 0.0172889747
36.0 50.0 0.0173021125
38.0 -50.0 0.0165183149
38.0 -48.0 0.0165368515
38.0 -46.0 0.0165552930
38.0 -44.0 0.0165736388
38.0 -42.0 0.0165918880
38.0 -40.0 0.0166100402
38.0 -38.0 0.0166280945
38.0 -36.0 0.0166460503
38.0 -34.0 0.0166639070
38.0 -32.0 0.0166816638
38.0 -30.0 0.0166993202
38.0 -28.0 0.0167168754
38.0 -26.0 0.0167343287
38.0 -24.0 0.0167516797
38.0 -22.0 0.0167689274
38.0 -20.0 0.0167860714
38.0 -18.0 0.0168031110
38.0 -16.0 0.0168200455
38.0 -14.0 0.0168368743
38.0 -12.0 0.0168535968
38.0 -10.0 0.0168702123
38.0 -8.0 0.0168867201
38.0 -6.0 0.0169031198
38.0 -4.0 0.0169194105
38.0 -2.0 0.0169355918
38.0 0.0 0.0169516629
38.0 2.0 0.0169676234
38.0 4.0 0.0169834725
38.0 6.0 0.0169992097
38.0 8.0 0.0170148343
38.0 10.0 0.0170303458
38.0 12.0 0.0170457436
38.0 14.0 0.0170610271
38.0 16.0 0.0170761957
38.0 18.0 0.0170912487
38.0 20.0 0.0171061857
38.0 22.0 0.0171210061
38.0 24.0 0.0171357093
38.0 26.0 0.0171502947
38.0 28.0 0.0171647617
38.0 30.0 0.0171791099
38.0 32.0 0.0171933386
38.0 34.0 0.0172074473
38.0 36.0 0.0172214356
38.0 38.0 0.0172353027
38.0 40.0 0.0172490482
38.0 42.0 0.0172626716
38.0 44.0 0.0172761724
38.0 46.0 0.0172895500
38.0 48.0 0.0173028039
38.0 50.0 0.0173159336
40.0 -50.0 0.0165322108
40.0 -48.0 0.0165507479
40.0 -46.0 0.0165691897
40.0 -44.0 0.0165875355
40.0 -42.0 0.0166057847
40.0 -40.0 0.0166239366
40.0 -38.0 0.0166419904
40.0 -36.0 0.0166599456
40.0 -34.0 0.0166778015
40.0 -32.0 0.0166955573
40.0 -30.0 0.0167132125
40.0 -28.0 0.0167307664
40.0 -26.0 0.0167482182
40.0 -24.0 0.0167655674
40.0 -22.0 0.0167828133
40.0 -20.0 0.0167999552
40.0 -18.0 0.0168169925
40.0 -16.0 0.0168339246
40.0 -14.0 0.0168507508
40.0 -12.0 0.0168674704
40.0 -10.0 0.0168840829
40.0 -8.0 0.0169005876
40.0 -6.0 0.0169169839
40.0 -4.0 0.0169332711
40.0 -2.0 0.0169494487
40.0 0.0 0.0169655160
40.0 2.0 0.0169814724
40.0 4.0 0.0169973172
40.0 6.0 0.0170130500
40.0 8.0 0.0170286701
40.0 10.0 0.0170441768
40.0 12.0 0.0170595696
40.0 14.0 0.0170748480
40.0 16.0 0.0170900112
40.0 18.0 0.0171050588
40.0 20.0 0.0171199901
40.0 22.0 0.0171348047
40.0 24.0 0.0171495018
40.0 26.0 0.0171640810
40.0 28.0 0.0171785417
40.0 30.0 0.0171928833
40.0 32.0 0.0172071053
40.0 34.0 0.0172212072
40.0 36.0 0.0172351883
40.0 38.0 0.0172490482
40.0 40.0 0.0172627864
40.0 42.0 0.0172764022
40.0 44.0 0.0172898952
40.0 46.0 0.0173032648
40.0 48.0 0.0173165106
40.0 50.0 0.0173296320
42.0 -50.0 0.0165459936
42.0 -48.0 0.0165645309
42.0 -46.0 0.0165829727
42.0 -44.0 0.0166013184
42.0 -42.0 0.0166195673
42.0 -40.0 0.0166377187
42.0 -38.0 0.0166557719
42.0 -36.0 0.0166737262
42.0 -34.0 0.0166915811
42.0 -32.0 0.0167093357
42.0 -30.0 0.0167269895
42.0 -28.0 0.0167445418
42.0 -26.0 0.0167619918
42.0 -24.0 0.0167793391
42.0 -22.0 0.0167965829
42.0 -20.0 0.0168137225
42.0 -18.0 0.0168307574
42.0 -16.0 0.0168476868
42.0 -14.0 0.0168645101
42.0 -12.0 0.0168812268
42.0 -10.0 0.0168978361
42.0 -8.0 0.0169143374
42.0 -6.0 0.0169307301
42.0 -4.0 0.0169470136
42.0 -2.0 0.0169631873
42.0 0.0 0.0169792505
42.0 2.0 0.0169952026
42.0 4.0 0.0170110430
42.0 6.0 0.0170267712
42.0 8.0 0.0170423864
42.0 10.0 0.0170578882
42.0 12.0 0.0170732759
42.0 14.0 0.0170885489
42.0 16.0 0.0171037067
42.0 18.0 0.0171187486
42.0 20.0 0.0171336741
42.0 22.0 0.0171484826
42.0 24.0 0.0171631735
42.0 26.0 0.0171777463
42.0 28.0 0.0171922005
42.0 30.0 0.0172065354
42.0 32.0 0.0172207505
42.0 34.0 0.0172348453
42.0 36.0 0.0172488192
42.0 38.0 0.0172626716
42.0 40.0 0.0172764022
42.0 42.0 0.0172900102
42.0 44.0 0.0173034953
42.0 46.0 0.0173168568
42.0 48.0 0.0173300944
42.0 50.0 0.0173432074
44.0 -50.0 0.0165596628
44.0 -48.0 0.0165782000
44.0 -46.0 0.0165966417
44.0 -44.0 0.0166149870
44.0 -42.0 0.0166332354
44.0 -40.0 0.0166513860
44.0 -38.0 0.0166694383
44.0 -36.0 0.0166873916
44.0 -34.0 0.0167052452
44.0 -32.0 0.0167229984
44.0 -30.0 0.0167406505
44.0 -28.0 0.0167582010
44.0 -26.0 0.0167756491
44.0 -24.0 0.0167929942
44.0 -22.0 0.0168102357
44.0 -20.0 0.0168273728
44.0 -18.0 0.0168444050
44.0 -16.0 0.0168613315
44.0 -14.0 0.0168781518
44.0 -12.0 0.0168948652
44.0 -10.0 0.0169114712
44.0 -8.0 0.0169279689
44.0 -6.0 0.0169443579
44.0 -4.0 0.0169606374
44.0 -2.0 0.0169768070
44.0 0.0 0.0169928659
44.0 2.0 0.0170088136
44.0 4.0 0.0170246494
44.0 6.0 0.0170403727
44.0 8.0 0.0170559829
44.0 10.0 0.0170714795
44.0 12.0 0.0170868619
44.0 14.0 0.0171021294
44.0 16.0 0.0171172814
44.0 18.0 0.0171323175
44.0 20.0 0.0171472369
44.0 22.0 0.0171620392
44.0 24.0 0.0171767238
44.0 26.0 0.0171912900
44.0 28.0 0.0172057375
44.0 30.0 0.0172200655
44.0 32.0 0.0172342735
44.0 34.0 0.0172483610
44.0 36.0 0.0172623275
44.0 38.0 0.0172761724
44.0 40.0 0.0172898952
44.0 42.0 0.0173034953
44.0 44.0 0.0173169723
44.0 46.0 0.0173303255
44.0 48.0 0.0173435546
44.0 50.0 0.0173566590
46.0 -50.0 0.0165732177
46.0 -48.0 0.0165917548
46.0 -46.0 0.0166101961
46.0 -44.0 0.0166285408
46.0 -42.0 0.0166467884
46.0 -40.0 0.0166649381
46.0 -38.0 0.0166829893
46.0 -36.0 0.0167009412
46.0 -34.0 0.0167187933
46.0 -32.0 0.0167365448
46.0 -30.0 0.0167541952
46.0 -28.0 0.0167717436
46.0 -26.0 0.0167891896
46.0 -24.0 0.0168065323
46.0 -22.0 0.0168237712
46.0 -20.0 0.0168409056
46.0 -18.0 0.0168579348
46.0 -16.0 0.0168748583
46.0 -14.0 0.0168916754
46.0 -12.0 0.0169083854
46.0 -10.0 0.0169249876
46.0 -8.0 0.0169414816
46.0 -6.0 0.0169578666
46.0 -4.0 0.0169741420
46.0 -2.0 0.0169903073
46.0 0.0 0.0170063617
46.0 2.0 0.0170223047
46.0 4.0 0.0170381356
46.0 6.0 0.0170538540
46.0 8.0 0.0170694590
46.0 10.0 0.0170849503
46.0 12.0 0.0171003271
46.0 14.0 0.0171155889
46.0 16.0 0.0171307350
46.0 18.0 0.0171457650
46.0 20.0 0.0171606783
46.0 22.0 0.0171754742
46.0 24.0 0.0171901521
46.0 26.0 0.0172047117
46.0 28.0 0.0172191522
46.0 30.0 0.0172334731
46.0 32.0 0.0172476738
46.0 34.0 0.0172617539
46.0 36.0 0.0172757128
46.0 38.0 0.0172895500
46.0 40.0 0.0173032648
46.0 42.0 0.0173168568
46.0 44.0 0.0173303255
46.0 46.0 0.0173436704
46.0 48.0 0.0173568909
46.0 50.0 0.0173699865
48.0 -50.0 0.0165866581
48.0 -48.0 0.0166051947
48.0 -46.0 0.0166236353
48.0 -44.0 0.0166419792
48.0 -42.0 0.0166602258
48.0 -40.0 0.0166783743
48.0 -38.0 0.0166964241
48.0 -36.0 0.0167143745
48.0 -34.0 0.0167322249
48.0 -32.0 0.0167499746
48.0 -30.0 0.0167676229
48.0 -28.0 0.0167851691
48.0 -26.0 0.0168026126
48.0 -24.0 0.0168199527
48.0 -22.0 0.0168371889
48.0 -20.0 0.0168543203
48.0 -18.0 0.0168713465
48.0 -16.0 0.0168882666
48.0 -14.0 0.0169050802
48.0 -12.0 0.0169217866
48.0 -10.0 0.0169383850
48.0 -8.0 0.0169548750
48.0 -6.0 0.0169712558
48.0 -4.0 0.0169875269
48.0 -2.0 0.0170036876
48.0 0.0 0.0170197374
48.0 2.0 0.0170356755
48.0 4.0 0.0170515014
48.0 6.0 0.0170672145
48.0 8.0 0.0170828142
48.0 10.0 0.0170982999
48.0 12.0 0.0171136710
48.0 14.0 0.0171289269
48.0 16.0 0.0171440670
48.0 18.0 0.0171590907
48.0 20.0 0.0171739975
48.0 22.0 0.0171887868
48.0 24.0 0.0172034581
48.0 26.0 0.0172180106
48.0 28.0 0.0172324440
48.0 30.0 0.0172467577
48.0 32.0 0.0172609510
48.0 34.0 0.0172750235
48.0 36.0 0.0172889747
48.0 38.0 0.0173028039
48.0 40.0 0.0173165106
48.0 42.0 0.0173300944
48.0 44.0 0.0173435546
48.0 46.0 0.0173568909
48.0 48.0 0.0173701026
48.0 50.0 0.0173831893
50.0 -50.0 0.0165999832
50.0 -48.0 0.0166185191
50.0 -46.0 0.0166369588
50.0 -44.0 0.0166553017
50.0 -42.0 0.0166735470
50.0 -40.0 0.0166916941
50.0 -38.0 0.0167097424
50.0 -36.0 0.0167276911
50.0 -34.0 0.0167455395
50.0 -32.0 0.0167632871
50.0 -30.0 0.0167809331
50.0 -28.0 0.0167984768
50.0 -26.0 0.0168159177
50.0 -24.0 0.0168332550
50.0 -22.0 0.0168504882
50.0 -20.0 0.0168676165
50.0 -18.0 0.0168846393
50.0 -16.0 0.0169015560
50.0 -14.0 0.0169183659
50.0 -12.0 0.0169350684
50.0 -10.0 0.0169516628
50.0 -8.0 0.0169681486
50.0 -6.0 0.0169845250
50.0 -4.0 0.0170007916
50.0 -2.0 0.0170169476
50.0 0.0 0.0170329924
50.0 2.0 0.0170489255
50.0 4.0 0.0170647461
50.0 6.0 0.0170804538
50.0 8.0 0.0170960480
50.0 10.0 0.0171115279
50.0 12.0 0.0171268930
50.0 14.0 0.0171421428
50.0 16.0 0.0171572767
50.0 18.0 0.0171722940
50.0 20.0 0.0171871942
50.0 22.0 0.0172019767
50.0 24.0 0.0172166410
50.0 26.0 0.0172311865
50.0 28.0 0.0172456126
50.0 30.0 0.0172599188
50.0 32.0 0.0172741046
50.0 34.0 0.0172881693
50.0 36.0 0.0173021125
50.0 38.0 0.0173159336
50.0 40.0 0.0173296320
50.0 42.0 0.0173432074
50.0 44.0 0.0173566590
50.0 46.0 0.0173699865
50.0 48.0 0.0173831893
50.0 50.0 0.0173962669
